#! 1.step 2.t, ps 3.U, eV 4.K, eV 5.T, K 6.s11, bar 7.s22, bar 8.s33, bar 9.s12, bar 10.s23, bar 11.s31, bar 12.Pxx, bar 13.Pyy, bar 14.Pzz, bar 15.Pxy, bar 16.Pyz, bar 17.Pzx, bar #18.fdx, eV 19.fdy, eV 20.fdz, eV 21.nn 23.ucz, A
# TimeStep v_time c_pe c_ke c_temp v_s11 v_s22 v_s33 v_s12 v_s23 v_s31 c_p[1] c_p[2] c_p[3] c_p[4] c_p[6] c_p[5] c_fdx c_fdy c_fdz c_cn c_ucz
1600 1.5005 -7.43161 0.0394868 305.787 21657.6 -5506.55 -3228.41 36.135 -16.2465 5.3348 215.044 2124.95 1317.96 -37.3312 14.1114 1.56748 -0.0265445 -0.0264661 -0.026203 2.94412 -0.0129183
1800 1.7005 -7.43168 0.0394017 305.127 21926.5 -5029.14 -3003.67 -5.66353 85.0639 -0.833223 85.1245 1882.42 1218.69 24.3463 -17.0874 0.50602 -0.0266043 -0.026984 -0.026349 2.94412 -0.0051551
2000 1.9005 -7.43174 0.0392701 304.109 21957.6 -4553.3 -2554.09 8.2232 29.0396 -28.6492 91.3743 1712.39 1105.58 -5.73733 3.03991 9.20961 -0.0261618 -0.0262398 -0.0270791 2.94412 0.0130257
2200 2.1005 -7.43148 0.0396194 306.813 21838.7 -5010.92 -2120.21 506.418 30.7364 18.9783 145.996 1931.17 916.288 -181.308 -7.38157 -6.99704 -0.0261341 -0.0259195 -0.0270933 2.94412 0.0573584
2400 2.3005 -7.43116 0.0398281 308.43 21518.6 -5891.82 -1427.46 68.4706 18.0919 -20.5815 245.491 2213.7 641.073 -41.1228 -5.5692 6.3758 -0.0267123 -0.0276355 -0.0265651 2.94412 0.11983
2600 2.5005 -7.43118 0.0399505 309.378 22081.2 -3792.87 -909.431 -112.647 -89.2181 -18.1995 44.9933 1469.4 458.883 31.8153 32.3185 5.40695 -0.0271675 -0.0263944 -0.0262097 2.94412 0.1894
2800 2.7005 -7.43106 0.0396215 306.83 22604.6 -1049.07 -895.942 183.625 -39.3586 21.018 -143.507 394.818 458.083 -79.577 11.582 -6.46024 -0.0271573 -0.026977 -0.0262182 2.94412 0.261016
3000 2.9005 -7.43111 0.0395252 306.084 22951.7 305.337 -859.056 504.324 -59.0361 3.78234 -290.871 -183.554 399.9 -186.51 16.666 -2.64235 -0.0268391 -0.0285099 -0.0258569 2.94412 0.320977
3200 3.1005 -7.43113 0.0394778 305.717 22989.6 358.916 -953.695 205.337 -116.6 5.71092 -287.49 -126.016 472.019 -76.009 42.7482 -3.00256 -0.0265088 -0.0274332 -0.0262654 2.94412 0.360705
3400 3.3005 -7.43072 0.0398693 308.749 23451.9 2281.6 -973.068 -324.971 47.9001 -17.2868 -459.01 -893.532 433.982 128.583 -14.6841 5.36509 -0.0269978 -0.0274667 -0.0268461 2.94412 0.376403
3600 3.5005 -7.43114 0.0395224 306.062 23206.8 1136.16 -696.089 -242.653 112.457 -52.032 -377.094 -474.65 360.403 110.709 -34.6092 21.6962 -0.0265499 -0.0280057 -0.0262732 2.94412 0.348364
3800 3.7005 -7.43141 0.0394537 305.53 22702.9 -1057.53 -935.33 111.008 -94.5589 -20.9928 -171.42 409.135 439.479 -55.6723 35.7647 9.25625 -0.0265825 -0.0270145 -0.0253787 2.94412 0.302152
4000 3.9005 -7.43129 0.0395181 306.029 22719.8 -1456.56 -1031.16 353.119 34.5526 96.3432 -210.693 504.489 476.713 -155.42 -8.92766 -35.2502 -0.0268635 -0.0279402 -0.0256713 2.94412 0.2462
4200 4.1005 -7.43155 0.0394104 305.195 22233 -3734.61 -1199.84 219.005 24.8954 -91.4256 -11.6917 1418.89 571.569 -83.9565 2.61834 34.9515 -0.0266918 -0.0270631 -0.0260888 2.94412 0.185755
4400 4.3005 -7.43182 0.0391942 303.52 22044.7 -5592.72 -1485.83 -135.73 -92.5485 54.3148 61.0341 2148.34 672.608 36.1929 31.1201 -22.2287 -0.0269791 -0.0256636 -0.0260616 2.94412 0.127584
4600 4.5005 -7.43244 0.0388286 300.689 22272 -5428.67 -2373.67 274.912 -22.4413 -8.14806 -45.9977 2042.76 995.023 -83.4873 -2.2913 4.97714 -0.0261002 -0.0262553 -0.0257294 2.94412 0.0746271
4800 4.7005 -7.43235 0.0385011 298.153 22146.5 -6091.33 -2886.5 618.717 -7.94162 18.7897 24.7061 2306.12 1217.11 -243.25 1.94924 -6.82927 -0.0260264 -0.0254979 -0.0263128 2.94412 0.0246319
5000 4.9005 -7.43217 0.0387917 300.404 22196.6 -6597.62 -3015.84 309.874 8.49882 4.5599 6.97673 2504.2 1216.89 -108.495 1.28427 -2.46181 -0.0256307 -0.0253954 -0.0268637 2.94412 0.00962859
5200 5.1005 -7.43211 0.0386939 299.647 22450.2 -5310.95 -2777.37 -367.167 -5.39056 -3.07143 -101.506 2015.18 1161.96 143.394 1.66141 1.92365 -0.0256514 -0.0259423 -0.0269399 2.94412 0.00902094
5400 5.3005 -7.43248 0.038536 298.424 22182.4 -5765.94 -2533.58 -1006.91 9.08105 35.1507 22.6958 2183.52 1045.29 376.147 -4.2192 -13.2503 -0.0253375 -0.0259057 -0.0261899 2.94412 0.0168383
5600 5.5005 -7.43237 0.0385453 298.496 22362.9 -6236.03 -2245.48 -266.808 62.0218 -35.3313 -75.5386 2347.47 984.103 79.9099 -18.9961 13.338 -0.0254538 -0.0262489 -0.0262267 2.94412 0.0456154
5800 5.7005 -7.43244 0.0385307 298.383 22726.5 -4085.83 -1614 886.009 29.8547 100.084 -186.94 1572.69 729.43 -329.334 1.97029 -39.5788 -0.0255573 -0.0257089 -0.0262892 2.94412 0.0894635
6000 5.9005 -7.43239 0.0384989 298.136 22803.6 -4352.5 -1490.7 219.39 18.9135 -79.9832 -212.925 1649.05 702.783 -70.9654 5.89767 34.86 -0.0257696 -0.0257464 -0.0262971 2.94412 0.141357
6200 6.1005 -7.43256 0.0380877 294.952 22763.2 -3840.52 -1456.63 -1349.44 14.5545 47.6553 -229.942 1452.98 643.068 513.797 -0.0736746 -16.8345 -0.0258897 -0.0258001 -0.0258363 2.94412 0.192321
6400 6.3005 -7.43283 0.0381294 295.275 23448 -837.737 -944.403 -140.498 12.1808 -55.464 -457.904 283.267 458.544 66.4151 -1.47026 20.1166 -0.0254081 -0.0258803 -0.0255581 2.94412 0.23642
6600 6.5005 -7.43296 0.0378261 292.926 23277 -1400.51 -1478.61 1049.63 -65.2832 8.04189 -402.075 507.607 636.273 -408.522 17.1065 -2.83975 -0.0251175 -0.0261198 -0.0255619 2.94412 0.276714
6800 6.7005 -7.43303 0.0376618 291.654 23216.4 -1995.38 -1125.99 548.755 43.9085 132.542 -385.599 769.345 519.074 -218.022 -21.9688 -50.9245 -0.0254406 -0.0254873 -0.0253426 2.94412 0.29381
7000 6.9005 -7.43278 0.0378253 292.92 23748.3 -46.2982 -1117.65 -874.962 -111.277 -127.704 -561.793 -29.7892 504.878 336.561 41.7949 47.1641 -0.0252857 -0.0257549 -0.0261024 2.94412 0.295192
7200 7.1005 -7.43295 0.037865 293.227 23402.5 -920.305 -1225.29 -1009.64 -135.025 41.8388 -461.545 345.171 553.056 377.939 45.2608 -13.8218 -0.025191 -0.0260529 -0.0254219 2.94412 0.26993
7400 7.3005 -7.43307 0.0376461 291.532 23020 -2895.76 -934.944 374.714 58.149 -24.5821 -300.164 1084.01 460.257 -130.661 -33.4148 13.1207 -0.0256068 -0.0254505 -0.0249185 2.94412 0.244038
7600 7.5005 -7.43284 0.0377653 292.455 22965.6 -3140.03 -951.914 1206.39 15.5272 145.16 -269.713 1167.8 452.449 -472.649 -5.0948 -57.1342 -0.0254305 -0.0258074 -0.0259794 2.94412 0.213475
7800 7.7005 -7.43297 0.0379079 293.559 22474.8 -4265.99 -1308.66 56.4119 -58.0963 -75.131 -113.109 1628.34 602.993 -14.4143 25.9738 33.0065 -0.0249179 -0.0255854 -0.0257222 2.94412 0.163072
8000 7.9005 -7.43291 0.0378454 293.076 22367.5 -4981.62 -1887.33 -1288.32 4.31295 -21.422 -51.2375 1883.73 858.824 491.632 1.10861 5.7846 -0.0250618 -0.0252974 -0.0263466 2.94412 0.117294
8200 8.1005 -7.43267 0.0383531 297.007 22281.5 -4386.81 -2571.67 -359.749 -23.5344 -23.1806 -24.5754 1645.4 1044.22 137.496 2.41595 8.93321 -0.02499 -0.026077 -0.025983 2.94412 0.0892349
8400 8.3005 -7.43259 0.0382295 296.05 21865.3 -6278.18 -2433.8 795.603 -39.1582 2.28262 133.194 2392.73 1041.45 -301.348 14.3844 -2.75365 -0.0251414 -0.0256387 -0.0265828 2.94412 0.0686875
8600 8.5005 -7.43279 0.0382268 296.029 21762.7 -6550.51 -2518.24 549.68 -19.4586 17.1208 174.227 2462.9 1083.23 -209.854 14.0138 -4.5078 -0.0249676 -0.0254736 -0.0268376 2.94412 0.057596
8800 8.7005 -7.4326 0.0383373 296.885 22097.8 -5130.85 -2896.45 -239.884 5.01593 -13.151 49.362 1973.49 1148.38 88.3749 -3.7649 7.13062 -0.0250003 -0.0247472 -0.0271235 2.94412 0.0591116
9000 8.9005 -7.43248 0.0384328 297.624 22084.3 -5308.65 -2723.46 -720.075 7.96015 -12.5818 46.9044 1969.07 1133.88 265.398 -1.01185 5.64053 -0.0247204 -0.0261118 -0.0272072 2.94412 0.0409539
9200 9.1005 -7.43263 0.038296 296.565 22064.9 -5305.56 -2629.61 -109.229 31.2052 -13.5643 61.4526 2004.4 1123.58 51.2378 -4.17823 3.09798 -0.024981 -0.0255405 -0.0269848 2.94412 0.042528
9400 9.3005 -7.43312 0.0379853 294.159 22173.3 -5162.41 -2148.31 437.992 -44.758 11.7192 19.024 1976.8 940.352 -142.286 17.4578 -7.21003 -0.0249386 -0.0251102 -0.0257941 2.94412 0.0749718
9600 9.5005 -7.43309 0.0376094 291.248 22349.7 -4380.76 -1893.5 33.8042 31.7461 -39.322 -57.5034 1622.22 810.795 -2.25696 -10.8352 12.1992 -0.0249445 -0.0255861 -0.0261748 2.94412 0.116735
9800 9.7005 -7.43304 0.0377086 292.016 22214.6 -4681.91 -1672.36 -40.5028 -11.5548 3.1356 6.13792 1775.61 715.03 3.60509 15.6297 -2.8297 -0.0250348 -0.0254664 -0.0255433 2.94412 0.1636
10000 9.9005 -7.43331 0.037312 288.945 22634.9 -2734.43 -1390.26 218.868 25.5238 0.521941 -150.438 1030.77 650.013 -78.551 1.88987 1.24657 -0.0247372 -0.0258286 -0.0255326 2.94412 0.182789
10200 10.1005 -7.43337 0.0373205 289.011 22476.2 -3473.31 -1430.21 32.5501 75.551 10.0535 -107.737 1310.51 656.895 -34.8887 -25.57 -3.85027 -0.0253052 -0.0253896 -0.0246945 2.94412 0.188904
10400 10.3005 -7.43337 0.0374068 289.679 22690.9 -2966.57 -1660.23 292.941 -6.50771 9.5973 -181.027 1092.43 738.898 -103.03 6.51132 -2.21051 -0.0256318 -0.0251277 -0.0250562 2.94412 0.197338
10600 10.5005 -7.43321 0.0374304 289.862 22925.1 -2199.64 -1868.8 -66.1324 21.2124 25.5404 -270.511 813.436 780.515 24.9669 -5.93239 -9.38297 -0.0258598 -0.0251224 -0.02489 2.94412 0.199792
10800 10.7005 -7.43316 0.0377618 292.428 22376.7 -4376.61 -1408.37 -411.739 -85.6756 -9.68869 -49.7201 1653.17 626.994 151.052 26.8119 3.3383 -0.0255453 -0.0250959 -0.0258009 2.94412 0.198908
11000 10.9005 -7.43283 0.0377959 292.692 22399.7 -4192.77 -1476.6 -310.161 -14.3033 -0.371295 -62.3765 1584 662.616 125.023 0.283083 -0.413816 -0.0259661 -0.0250199 -0.0254793 2.94412 0.175913
11200 11.1005 -7.43259 0.0380922 294.987 22450.2 -3926.84 -1600.09 -72.9298 -49.4492 -12.4811 -98.3412 1469.77 734.724 32.4971 16.0942 5.7793 -0.0261421 -0.0258067 -0.0253141 2.94412 0.14635
11400 11.3005 -7.43241 0.0384378 297.663 21992.4 -5198.18 -1662.97 -149.177 -18.6308 -0.187306 85.2632 1942.11 743.881 51.9584 11.5277 0.661254 -0.0263318 -0.02589 -0.0251821 2.94412 0.138324
11600 11.5005 -7.43236 0.038409 297.44 22829.8 -1563.46 -1736.21 -92.9554 40.136 4.86019 -277.136 320.684 745.693 46.2889 -12.9878 -0.942085 -0.0261432 -0.0259831 -0.0252968 2.94412 0.138615
11800 11.7005 -7.43226 0.038395 297.331 23581.1 1036.8 -1900.16 -237.444 39.1865 20.0305 -633.814 -992.544 826.624 86.5605 -10.2947 -9.34336 -0.0261029 -0.0260765 -0.0258225 2.94412 0.14052
12000 11.9005 -7.43226 0.0384277 297.585 23514.9 600.49 -1657.26 -218.56 -23.0151 -46.3995 -617.393 -974.015 752.567 74.8265 17.6102 17.0811 -0.026097 -0.0257767 -0.0260679 2.94412 0.14107
12200 12.1005 -7.43217 0.0385221 298.316 23676.1 1623.79 -2116.67 -201.851 -2.83018 26.1232 -688.265 -1321.89 871.798 85.9955 -0.553398 -8.75288 -0.0263543 -0.0255174 -0.0259414 2.94412 0.143659
12400 12.3005 -7.43207 0.0386346 299.187 23325.7 -13.4983 -2375.15 60.9746 -63.0371 -14.2834 -521.898 -485.751 974.709 -15.9615 23.3389 4.36219 -0.026551 -0.0257766 -0.0257961 2.94412 0.128096
12600 12.5005 -7.43215 0.0388649 300.97 22428.5 -4322.9 -1936.98 -114.21 -54.3806 -47.9375 -105.855 1439.46 845.414 37.5592 20.5974 16.5097 -0.0269904 -0.0259897 -0.0254105 2.94412 0.111035
12800 12.7005 -7.43186 0.0389004 301.246 22291 -4650.44 -1764.2 -62.875 -2.66813 41.409 -43.8868 1677.91 779.153 14.8119 0.804324 -15.5332 -0.0271115 -0.0256713 -0.025638 2.94412 0.101502
13000 12.9005 -7.43171 0.0390786 302.625 22680.4 -2805.94 -1800.99 -92.8142 -5.24514 -20.0491 -231.196 752.842 811.746 41.0855 0.316798 10.162 -0.0271377 -0.0264545 -0.0255248 2.94412 0.102896
13200 13.1005 -7.43135 0.0392457 303.919 23321 -18.8061 -1813.33 92.5116 -47.8385 34.9987 -546.605 -634.415 786.838 -49.3878 16.3795 -13.6487 -0.0274228 -0.0264242 -0.0260179 2.94412 0.111382
13400 13.3005 -7.43115 0.039508 305.951 23837.8 2304.95 -1729.03 -24.8983 12.0661 -52.6245 -768.889 -1705.53 749.507 -1.82952 -2.36449 18.112 -0.0278926 -0.0262207 -0.0258497 2.94412 0.11096
13600 13.5005 -7.43098 0.0398762 308.802 23618.8 1445.28 -1575.44 -67.3677 -19.4256 58.5862 -667.476 -1357.57 720.533 35.1823 7.92814 -23.1121 -0.02799 -0.0262736 -0.0262081 2.94412 0.112398
13800 13.7005 -7.43077 0.0401147 310.649 22876.7 -1769.53 -2092.46 -85.0824 -19.585 -51.9465 -357.827 122.76 891.125 54.9913 14.3524 20.2572 -0.0282374 -0.0268425 -0.0261574 2.94412 0.126912
14000 13.9005 -7.43061 0.040257 311.751 22966.9 -2103.07 -2401.53 89.8826 43.7537 40.9293 -317.535 542.686 981.601 -33.045 -5.97374 -14.9043 -0.028182 -0.0262826 -0.026792 2.94412 0.145772
14200 14.1005 -7.43067 0.0404887 313.545 22310.3 -4733.85 -2313.87 230.646 23.848 0.700269 -43.6897 1666.41 958.579 -76.516 -12.3059 -3.55645 -0.0281752 -0.0265858 -0.026804 2.94412 0.147301
14400 14.3005 -7.4305 0.0403809 312.71 22573.4 -3661.85 -1880.36 -109.427 -80.1028 -20.9636 -182.811 1180.12 824.295 42.4761 30.2386 8.15568 -0.0280794 -0.0268371 -0.0266917 2.94412 0.13557
14600 14.5005 -7.43048 0.0402121 311.403 23546 534.644 -1529.11 -293.892 102.105 68.2782 -596.011 -716.512 676.919 78.6006 -32.0756 -24.0709 -0.0282324 -0.0269687 -0.0266192 2.94412 0.129373
14800 14.7005 -7.43068 0.0401206 310.695 23373.2 549.429 -1450.56 255.127 16.0498 -100.547 -562.471 -906.873 665.979 -96.7731 -6.05213 38.6834 -0.0281317 -0.0271162 -0.0259465 2.94412 0.126666
15000 14.9005 -7.43085 0.0399017 309 23652.4 1621.25 -1730.04 343.461 -69.9032 107.088 -679.746 -1315.09 758.071 -126.177 15.1613 -39.1917 -0.027749 -0.0266125 -0.0262989 2.94412 0.129169
15200 15.1005 -7.43111 0.0396622 307.145 23340.3 154.925 -1268.02 77.9796 3.37116 -61.4675 -513.202 -579.267 617.127 -29.7315 -6.2623 22.9395 -0.0274568 -0.0267078 -0.0264894 2.94412 0.130208
15400 15.3005 -7.43143 0.0394831 305.758 22635 -3287.96 -1705.39 24.2578 -42.9785 27.2822 -201.853 998.804 759.403 -9.43446 13.9078 -10.4715 -0.0270306 -0.0268184 -0.0260948 2.94412 0.132752
15600 15.5005 -7.43177 0.0393277 304.554 22532.8 -4282.47 -2011.13 60.5501 -22.4761 -34.8206 -143.218 1530.66 845.437 -5.42885 9.61213 12.6467 -0.0267571 -0.0258572 -0.0261318 2.94412 0.146533
15800 15.7005 -7.43179 0.0389009 301.249 23188.2 -1915.49 -2358.17 343.112 7.52907 49.1463 -398.904 485.645 960.933 -135.639 -4.11411 -16.6916 -0.0266644 -0.0258645 -0.0265769 2.94412 0.149831
16000 15.9005 -7.43202 0.0389052 301.283 23049.2 -1967.3 -2378.4 270.907 7.99099 -16.7255 -403.786 270.476 981.583 -111.484 -1.28672 8.63823 -0.0264949 -0.0261884 -0.0260163 2.94412 0.143046
16200 16.1005 -7.43209 0.0387581 300.144 23975.3 1483.07 -1911.73 -73.8271 40.7045 -8.6938 -783.491 -1247.37 821.722 26.7586 -6.67486 3.80104 -0.026191 -0.0257998 -0.0262513 2.94412 0.134614
16400 16.3005 -7.43217 0.0388082 300.531 24147.6 1865.8 -1856.56 -264.671 -6.1413 35.2564 -868.577 -1483.3 811.862 107.46 1.87265 -11.9413 -0.0259677 -0.026062 -0.0262603 2.94412 0.118511
16600 16.5005 -7.43213 0.0386534 299.333 23449.1 -645.388 -1659.27 -33.8327 7.41356 -53.5515 -561.647 -337.18 748.103 4.18067 -0.123245 20.9785 -0.0260702 -0.0258183 -0.026348 2.94412 0.101521
16800 16.7005 -7.43207 0.0385074 298.202 23284.9 -1153.76 -1431.26 294.024 1.99478 63.3908 -448.825 125.082 664.34 -89.1609 -4.39256 -23.7817 -0.0265614 -0.0253984 -0.0261421 2.94412 0.0913898
17000 16.9005 -7.43224 0.0386416 299.242 22629.2 -4543.24 -1632.27 193.294 -60.6331 -22.8644 -172.64 1604.33 725.869 -77.5626 20.2744 7.82039 -0.026358 -0.0262732 -0.0258007 2.94412 0.0944987
17200 17.1005 -7.43223 0.0385768 298.74 22472.5 -4637.52 -1699.98 -198.393 -36.5693 -16.8872 -109.199 1656.01 752.845 57.5685 14.1728 5.31992 -0.0261764 -0.025838 -0.0257711 2.94412 0.109303
17400 17.3005 -7.43224 0.0385989 298.91 23411 -751.249 -1475.62 -232.738 51.5104 24.5151 -518.145 -151.131 659.809 74.3279 -16.9308 -10.5375 -0.0260711 -0.0261191 -0.0258787 2.94412 0.121872
17600 17.5005 -7.43229 0.0386618 299.398 23586 161.97 -2294.88 213.985 -26.5695 -15.5837 -645.122 -803.287 954.464 -69.5144 16.5372 4.07433 -0.0258125 -0.026539 -0.025608 2.94412 0.126068
17800 17.7005 -7.43214 0.0385503 298.534 24263.1 2486.56 -2503.94 -42.7248 -35.7164 -5.17807 -928.774 -1783.54 1051.82 8.65126 9.17668 2.48733 -0.0259431 -0.0254248 -0.0264329 2.94412 0.128168
18000 17.9005 -7.43223 0.0386282 299.138 23924.4 2294.6 -2142.88 -84.5757 -0.266553 15.3194 -769.205 -1639.19 897.591 38.709 1.83134 -3.8203 -0.0257614 -0.0265896 -0.0260446 2.94412 0.130583
18200 18.1005 -7.4323 0.0386397 299.227 22854.5 -2450.23 -2031.28 -288.867 -95.149 6.91747 -276.388 604.273 829.729 119.19 35.9923 -0.452128 -0.0256545 -0.0258805 -0.0262284 2.94412 0.132607
18400 18.3005 -7.43215 0.0385975 298.899 22427.6 -4393.41 -1633.47 19.2634 -25.8366 16.5216 -67.1846 1680.05 741.817 -4.83192 4.05864 -5.94115 -0.025707 -0.0256773 -0.0266105 2.94412 0.115531
18600 18.5005 -7.43211 0.0386533 299.332 22382.3 -4389.98 -1456.6 -49.2891 38.0849 17.0996 -46.8448 1661.01 673.392 8.38648 -12.7452 -4.04654 -0.0258297 -0.0264378 -0.0264103 2.94412 0.102813
18800 18.7005 -7.43208 0.0386393 299.224 22931.3 -2758.82 -1677.59 73.4904 16.3741 10.943 -296.428 838.07 792.145 -10.786 -7.19028 -4.76116 -0.0255825 -0.0259652 -0.0267709 2.94412 0.0986256
19000 18.9005 -7.43206 0.0387677 300.218 23830.3 1185.22 -1672.55 -209.134 26.6253 -29.6914 -707.13 -1042.04 745.844 64.4451 -4.41943 9.84816 -0.0255209 -0.0260948 -0.0266052 2.94412 0.117568
19200 19.1005 -7.43201 0.0388622 300.95 24127 2769.29 -1861.29 -101.909 56.8812 12.2263 -865.394 -1859.05 803.015 22.1579 -21.7389 -6.70242 -0.0256643 -0.0261091 -0.0267085 2.94412 0.148531
19400 19.3005 -7.43197 0.0389091 301.313 23770.4 1518.58 -2090.31 52.3681 42.8758 -18.4342 -709.777 -1264.91 861.123 -17.9428 -12.595 6.95439 -0.0257245 -0.0261749 -0.0264981 2.94412 0.172926
19600 19.5005 -7.43188 0.0389786 301.851 23196.2 -723.158 -2071.25 288.907 -29.3569 13.4463 -431.071 -138.135 877.001 -93.588 13.3192 -4.89517 -0.0261328 -0.0265532 -0.0264049 2.94412 0.182986
19800 19.7005 -7.43176 0.0390906 302.719 22647.4 -3655.51 -2451.99 -128.232 -43.1423 28.0692 -151.423 1314.44 988.246 54.5863 10.0644 -9.62681 -0.0259956 -0.0266668 -0.0266686 2.94412 0.179285
20000 19.9005 -7.43178 0.0393851 304.999 22295.5 -5306.03 -2332.54 -99.535 1.99793 -40.2747 -7.81998 2102.81 976.858 31.7882 -2.30944 16.0092 -0.0257563 -0.0264692 -0.0265696 2.94412 0.161545
20200 20.1005 -7.43157 0.0393879 305.021 22785.5 -2859.3 -1728.59 98.2963 -46.6253 47.4057 -232.152 872.04 798.285 -41.8738 23.3377 -18.9551 -0.0259587 -0.0273625 -0.0268532 2.94412 0.141459
20400 20.3005 -7.43141 0.0394169 305.245 23490.2 -187.706 -1327.96 48.3892 -1.14222 -24.6768 -576.273 -442.263 597.921 -27.7627 7.22627 11.2617 -0.0264291 -0.0262127 -0.0270851 2.94412 0.143857
20600 20.5005 -7.43123 0.039437 305.401 24045.1 2634.11 -1186.19 11.1664 17.1812 24.8285 -832.256 -1798.64 584.685 -4.70866 -7.31114 -10.4466 -0.0265059 -0.0261263 -0.0274602 2.94412 0.144332
20800 20.7005 -7.43111 0.0395544 306.31 24127.9 2664.3 -1190.75 -80.0774 41.3333 -37.0703 -870.772 -1845.4 573.241 26.2547 -12.1972 14.8047 -0.0265073 -0.0265277 -0.0274088 2.94412 0.141789
21000 20.9005 -7.43121 0.0398322 308.462 23205.2 -1172.11 -1762.47 287.058 -33.4873 33.2384 -473.592 -81.9853 743.428 -104.138 6.74184 -11.6113 -0.0266458 -0.0264754 -0.0270945 2.94412 0.143996
21200 21.1005 -7.43119 0.0398734 308.781 22757.3 -3022.98 -2314.92 115.754 10.533 7.03908 -235.864 935.853 1004.74 -46.4679 -6.44775 0.425648 -0.0267148 -0.026891 -0.0267559 2.94412 0.135496
