# deformation event every 4000 timesteps
#! 1.step 2.t, ns 3.U, eV 4.K, eV 5.T, K 6.s11, bar 7.s22, bar 8.s33, bar 9.s12, bar 10.s23, bar 11.s31, bar 12.Pxx, bar 13.Pyy, bar 14.Pzz, bar 15.Pxy, bar 16.Pyz, bar 17.Pzx, bar #18.fdx, eV 19.fdy, eV 20.fdz, eV 21.nn 23.ucz, A
10 0.000275 -7.43557 0.038886 301.136 18406.3 -3287.73 -1969.96 -50.3739 -160.492 -23.0323 268.818 1663.57 962.931 60.4099 77.3978 0.455129 -0.000123707 -2.85513e-05 -1.40227e-05 2.94412 2.23709e-05
20 0.000775 -7.43556 0.0389383 301.542 18372.6 -3285.99 -1970.03 -91.1618 -231.619 5.00702 372.749 1783.65 962.001 118.508 106.748 -7.58561 -0.00059609 -0.000309499 -6.98488e-05 2.94412 6.31469e-05
30 0.001275 -7.43562 0.0390813 302.649 18380.6 -3313.24 -1969.52 -111.559 -297.998 35.1599 508.376 1981.41 960.075 169.132 132.576 -16.4353 -0.00140767 -0.0009197 -0.000169127 2.94412 0.000104068
40 0.001775 -7.43573 0.0393057 304.386 18424.3 -3367.8 -1968.42 -114.58 -357.028 65.8287 684.622 2251.52 957.155 213.58 153.653 -25.6096 -0.00253772 -0.00185835 -0.000311914 2.94412 0.000145132
50 0.002275 -7.43587 0.0395969 306.642 18495 -3447.5 -1966.69 -103.084 -406.849 95.5207 909.555 2590.34 953.232 252.657 169.127 -34.6974 -0.00396323 -0.00312092 -0.000498132 2.94412 0.000186336
60 0.002775 -7.43603 0.0399357 309.266 18585.9 -3553.81 -1964.29 -79.6819 -445.789 122.976 1189.53 2996.7 948.313 287.206 178.25 -43.4308 -0.00566054 -0.00470098 -0.000727484 2.94412 0.000227673
70 0.003275 -7.43618 0.0402986 312.076 18690.8 -3690.12 -1961.31 -45.8069 -472.907 147.593 1529.36 3471.48 942.467 318.105 180.639 -51.7967 -0.00760447 -0.00659163 -0.000999297 2.94412 0.000269137
80 0.003775 -7.4363 0.0406598 314.873 18801.6 -3858.17 -1957.83 -1.06577 -488.053 169.167 1934.83 4014.74 935.782 345.401 176.31 -59.9269 -0.00976717 -0.00878463 -0.00131247 2.94412 0.000310716
90 0.004275 -7.43634 0.0409942 317.463 18906.5 -4055.44 -1953.96 52.7497 -491.326 187.689 2413.67 4624.36 928.359 369.874 165.4 -68.0254 -0.0121174 -0.0112674 -0.00166559 2.94412 0.000352398
100 0.004775 -7.4363 0.0412806 319.68 18993.8 -4277.12 -1949.72 111.613 -482.858 203.181 2973.1 5297.91 920.306 393.167 148.07 -76.2674 -0.0146187 -0.0140186 -0.00205717 2.94412 0.00039417
110 0.005275 -7.43616 0.0415047 321.416 19058.5 -4521.75 -1945.31 168.118 -463.541 215.632 3616.46 6035.49 911.8 418.369 124.788 -84.7771 -0.0172287 -0.0170003 -0.00248542 2.94412 0.000436019
120 0.005775 -7.43591 0.0416625 322.638 19098.5 -4785.94 -1940.96 217.786 -435.2 225.498 4346.09 6836.42 903.068 447.158 96.4165 -93.8371 -0.0199014 -0.0201533 -0.0029482 2.94412 0.000477932
130 0.006275 -7.43555 0.0417605 323.397 19112.7 -5062.76 -1936.8 256.821 -400.052 233.518 5164.25 7698.26 894.326 481.194 63.9283 -103.904 -0.0225854 -0.0233967 -0.00344339 2.94412 0.000519894
140 0.006775 -7.43511 0.0418156 323.823 19105.3 -5346.29 -1933 279.114 -360.037 240.403 6070.98 8619.01 885.825 523.279 28.1492 -115.42 -0.0252223 -0.0266321 -0.00396896 2.94412 0.000561896
150 0.007275 -7.43461 0.0418523 324.108 19082.6 -5629.46 -1929.45 280.685 -316.719 246.742 7064.99 9596.62 877.74 574.281 -10.1631 -128.617 -0.0277513 -0.0297484 -0.00452319 2.94412 0.000603927
160 0.007775 -7.43408 0.0418986 324.466 19051.6 -5904.74 -1926.11 260.451 -271.81 253.307 8144.96 10628.4 870.294 633.575 -50.3505 -143.813 -0.0301154 -0.0326306 -0.00510419 2.94412 0.000645981
170 0.008275 -7.43355 0.0419805 325.101 19019.2 -6164.89 -1923.03 220.893 -226.881 260.635 9310.73 11710.6 863.76 698.82 -91.791 -161.199 -0.0322649 -0.035173 -0.00570996 2.94412 0.000688052
180 0.008775 -7.43304 0.0421172 326.159 18989.3 -6403 -1920.26 163.56 -183.657 269.135 10563.1 12839.9 858.453 769.372 -133.616 -180.799 -0.0341606 -0.0372902 -0.00633833 2.94412 0.000730139
190 0.009275 -7.43257 0.0423172 327.708 18963.4 -6613.92 -1917.93 93.8087 -143.864 279.089 11903.2 14014.2 854.704 842.857 -175.108 -202.656 -0.0357723 -0.0389218 -0.00698588 2.94412 0.000772243
200 0.009775 -7.43214 0.0425773 329.722 18939.7 -6794.89 -1916.11 19.1859 -108.795 290.05 13333.9 15232 852.894 918.009 -215.785 -226.441 -0.0370828 -0.0400388 -0.00764846 2.94412 0.000814368
210 0.010275 -7.43173 0.0428817 332.08 18914.1 -6946.6 -1914.52 -53.0661 -79.449 301.264 14858.8 16493.6 853.382 992.109 -255.33 -251.618 -0.0380886 -0.0406474 -0.00832864 2.94412 0.000856522
220 0.010775 -7.43132 0.0432045 334.579 18880.2 -7071.82 -1913.16 -117.858 -56.7281 312.303 16481.9 17800.6 856.548 1062.57 -293.505 -277.862 -0.0387973 -0.0407886 -0.00902657 2.94412 0.000898716
230 0.011275 -7.43089 0.0435132 336.97 18830.7 -7175.61 -1912.02 -172.09 -41.2229 322.407 18207.8 19155.5 862.845 1127.68 -330.248 -304.729 -0.0392234 -0.0405307 -0.00974162 2.94412 0.00094096
240 0.011775 -7.4304 0.0437745 338.994 18758 -7263.53 -1911.16 -213.187 -33.2509 330.432 20041.9 20560.4 872.822 1185.2 -365.537 -331.69 -0.0393879 -0.0399586 -0.0104733 2.94412 0.00098327
250 0.012275 -7.42983 0.0439593 340.424 18654.9 -7339.86 -1910.71 -241.054 -32.8823 335.383 21989.9 22016.9 887.175 1234.94 -399.402 -358.295 -0.0393115 -0.0391633 -0.0112212 2.94412 0.00102566
260 0.012775 -7.42915 0.0440486 341.116 18515.8 -7407.08 -1910.8 -254.999 -40.2807 336.627 24055.9 23526.3 906.476 1277.19 -431.842 -384.22 -0.0390085 -0.0382296 -0.0119844 2.94412 0.00106814
270 0.013275 -7.42837 0.0440373 341.029 18341.6 -7468.86 -1911.6 -253.636 -55.3948 333.93 26240.9 25091.2 931.547 1311.58 -463.012 -409.351 -0.0384872 -0.0372228 -0.0127612 2.94412 0.00111074
280 0.013775 -7.42749 0.0439348 340.234 18134.3 -7527.6 -1913.12 -238.689 -78.0422 326.773 28530.6 26710.4 962.994 1331.89 -493.646 -434.649 -0.0377494 -0.0361914 -0.0135504 2.94412 0.00115345
290 0.014275 -7.42654 0.0437635 338.908 17894.6 -7583.97 -1915.44 -214.084 -107.884 314.196 30894.7 28376.2 1001.39 1323.7 -525.372 -462.475 -0.0367965 -0.0351644 -0.0143503 2.94412 0.0011963
300 0.014775 -7.42555 0.0435566 337.306 17636.2 -7629.9 -1918.46 -178.168 -143.888 296.437 33380.8 30099.9 1047.89 1314.5 -556.484 -488.768 -0.0356339 -0.0341538 -0.0151592 2.94412 0.00123929
310 0.015275 -7.42457 0.0433535 335.733 17363.9 -7665.49 -1922.12 -136.712 -185.494 273.723 35941.2 31845.9 1102.97 1285.82 -589.801 -512.589 -0.0342737 -0.0331543 -0.0159758 2.94412 0.00128243
320 0.015775 -7.42362 0.0431947 334.503 17089.5 -7698.43 -1926.41 -94.7731 -232.461 246.276 38599.7 33580.6 1166.93 1255.56 -630.049 -534.156 -0.0327388 -0.0321473 -0.0167984 2.94412 0.00132572
330 0.016275 -7.42277 0.0431166 333.899 16828.9 -7723.24 -1931.13 -54.1614 -280.941 214.129 41400.1 35389.9 1241.75 1248.91 -672.01 -555.834 -0.0310656 -0.0311104 -0.0176248 2.94412 0.00136917
340 0.016775 -7.42202 0.0431469 334.133 16589.7 -7726.27 -1936.06 -19.9968 -329.756 178.09 44339.3 37326.2 1328.55 1289.62 -718.819 -580.784 -0.0293004 -0.0300259 -0.0184522 2.94412 0.00141277
350 0.017275 -7.42141 0.0433009 335.325 16378 -7705.66 -1941.12 3.67322 -376.695 138.793 47386.3 39467.7 1428.68 1430.47 -777.328 -611.37 -0.0274997 -0.0288855 -0.0192773 2.94412 0.00145651
360 0.017775 -7.42092 0.0435798 337.485 16197.7 -7665.74 -1946.43 14.0161 -419.454 96.7737 50483.5 41676.7 1542.64 1574.07 -840.728 -648.653 -0.025729 -0.0276966 -0.0200956 2.94412 0.00150039
370 0.018275 -7.42055 0.043971 340.515 16049.5 -7615.29 -1952.23 12.0245 -456.246 52.5879 53673.2 44092.1 1671.68 1576.25 -906.452 -691.812 -0.024055 -0.0264833 -0.0209022 2.94412 0.00154438
380 0.018775 -7.42027 0.0444502 344.226 15931.2 -7567.62 -1958.8 1.7469 -485.564 6.82233 56953.4 46637 1817.8 1506.63 -980.017 -728.146 -0.0225403 -0.0252864 -0.0216929 2.94412 0.00158846
390 0.019275 -7.42004 0.0449852 348.369 15827.4 -7559.95 -1966.6 -6.96257 -504.875 -40.6937 60460 49708 1986.92 1378.45 -1069.47 -756.665 -0.0212388 -0.0241605 -0.0224637 2.94529 0.00163262
400 0.019775 -7.41981 0.0455403 352.668 15729.9 -7620.49 -1976.01 -33.1134 -513.629 -88.4503 64421.8 54256.4 2196.33 1515.76 -1067.04 -792.065 -0.020193 -0.0231643 -0.0232099 2.94559 0.00167682
410 0.020275 -7.41954 0.04608 356.847 15644.7 -7747.44 -1987.51 -68.8349 -511.419 -135.497 68741.9 59567.6 2435.53 1852.04 -1052.55 -820.555 -0.0194307 -0.02236 -0.0239271 2.94574 0.00172104
420 0.020775 -7.4192 0.0465729 360.664 15566 -7958.07 -2001.25 -119.302 -499.105 -180.326 74152 65856.7 2707.91 2784.71 -1083.79 -860.604 -0.018962 -0.0218072 -0.0246118 2.94706 0.00176526
430 0.021275 -7.41875 0.0469951 363.934 15465.5 -8248.51 -2017.64 -177.648 -478.118 -220.297 81454.2 71792.8 3011.79 4020.3 -1104.37 -959.028 -0.0187819 -0.0215548 -0.0252609 2.94706 0.00180944
440 0.021775 -7.41819 0.0473301 366.528 15353 -8611.94 -2036.82 -242.142 -449.868 -253.933 90679.7 77543.1 3355.35 5328.65 -1086.31 -1167.13 -0.0188752 -0.0216396 -0.0258743 2.94824 0.00185356
450 0.022275 -7.41749 0.0475688 368.376 15245.1 -9050.56 -2058.8 -310.969 -415.126 -280.35 100651 84313.7 3747.47 6635.25 -1099.94 -1413.57 -0.0192172 -0.0220828 -0.0264512 2.9525 0.00189761
460 0.022775 -7.41668 0.0477109 369.477 15140.9 -9559.03 -2083.51 -382.64 -375.117 -298.008 111449 91176.8 4188.99 7999.64 -1153.04 -1688.49 -0.0197789 -0.0228842 -0.0269931 2.95559 0.00194155
470 0.023275 -7.41578 0.0477646 369.893 15026.1 -10132.1 -2110.85 -460.651 -332.136 -307.726 122322 97751.6 4666.91 9301.64 -1202.44 -2030.85 -0.0205282 -0.024025 -0.0275028 2.96029 0.00198539
480 0.023775 -7.41481 0.0477451 369.742 14903.6 -10755.2 -2140.31 -539.693 -287.104 -308.539 133411 103737 5187.45 10549.7 -1221.8 -2393.16 -0.0214292 -0.0254641 -0.0279854 2.96559 0.00202909
490 0.024275 -7.4138 0.0476741 369.192 14785.1 -11416.4 -2171.23 -606.241 -240.697 -294.809 144606 109548 5755.45 11831.9 -1230.12 -2730.76 -0.0224451 -0.0271347 -0.0284455 2.97 0.00207263
500 0.024775 -7.41279 0.0475785 368.452 14644.9 -12100.8 -2203.35 -655.334 -194.035 -262.945 154024 114801 6352.12 13774.6 -1187.2 -3108.61 -0.0235362 -0.0289503 -0.0288864 2.97059 0.00211601
510 0.025275 -7.41176 0.0474889 367.758 14554.4 -12725.5 -2237.43 -624.619 -147.52 -219.571 164136 120090 7012.48 15089.6 -1295.09 -3410.05 -0.0246591 -0.0308176 -0.0293169 2.97162 0.00215919
520 0.025775 -7.41079 0.0474374 367.359 14459.1 -13407.6 -2271.68 -622.241 -104.162 -161.872 176974 127091 7771.79 16267.4 -1424.62 -3881.27 -0.0257761 -0.0326404 -0.0297498 2.97426 0.00220217
530 0.026275 -7.40991 0.0474559 367.502 14380.2 -14099.7 -2304.88 -602.151 -61.9065 -92.7085 188747 132494 8574.91 16599.9 -1404.11 -4235.19 -0.0268601 -0.034319 -0.0301909 2.97559 0.00224492
540 0.026775 -7.40908 0.0475721 368.402 14284.5 -14777.4 -2336.5 -578.27 -20.7205 -12.6268 199454 137093 9422.91 16266.5 -1384.8 -4381.37 -0.0278343 -0.0357421 -0.0306508 2.97309 0.00228743
550 0.027275 -7.40829 0.0478072 370.223 14026.7 -15415.5 -2369.6 -550.429 21.6904 89.421 212114 142471 10406.7 15056.9 -1331.28 -4914.44 -0.0286516 -0.0368176 -0.0311363 2.97191 0.00232968
560 0.027775 -7.40763 0.0481719 373.047 13731.1 -15985.7 -2400.18 -516.294 63.5131 196.064 224981 148678 11464.3 13568.6 -1511.75 -5545.05 -0.0293173 -0.0374938 -0.0316429 2.97103 0.00237166
570 0.028275 -7.40707 0.0486647 376.863 13420.8 -16476.8 -2427 -469.118 106.698 300.474 236710 155261 12625.5 12487.1 -1817.29 -5999.99 -0.0297969 -0.0377265 -0.0321733 2.97074 0.00241333
580 0.028775 -7.40654 0.0492715 381.562 13107.4 -16895.4 -2450.05 -421.9 150.692 402.402 247716 162069 13930.7 10890.8 -2254.45 -6056.01 -0.0300617 -0.0374881 -0.0327271 2.97088 0.00245469
590 0.029275 -7.40604 0.0499668 386.947 12804 -17254.8 -2469.38 -379.948 195.146 498.035 258729 169317 15254.8 9598.81 -2774.08 -5916.64 -0.0301287 -0.0367999 -0.0332989 2.97162 0.00249572
600 0.029775 -7.40556 0.0507163 392.751 12520.5 -17607.5 -2486.09 -364.931 232.085 581.856 278540 179250 16823.6 8804.38 -2638.55 -6884.17 -0.0300496 -0.0356829 -0.0338755 2.97574 0.0025364
610 0.030275 -7.40506 0.051481 398.673 12106.5 -17951.3 -2502.2 -384.645 263.82 643.225 305583 197097 18795.3 9875.19 -2617.99 -8311.92 -0.0298318 -0.0342119 -0.0344572 2.97426 0.00257671
620 0.030775 -7.4045 0.052221 404.404 11618.5 -18271 -2516.11 -419.994 294.687 691.264 283853 188402 20320.7 531.294 -2176.68 -6135.28 -0.0294973 -0.0324717 -0.035043 2.97574 0.00261664
630 0.031275 -7.40385 0.0528994 409.657 11105.8 -18597.3 -2528.37 -463.148 329.77 725.421 295365 199079 22386 -1461.95 -1975.62 -6258.77 -0.0290772 -0.0305491 -0.0356221 2.97838 0.0026562
640 0.031775 -7.4031 0.0534849 414.192 10587.2 -18933.4 -2539 -510.879 368.777 741.154 303175 204549 24021.1 -1671.46 -2440.69 -5458.42 -0.0286004 -0.0285423 -0.0361844 2.97838 0.00269538
650 0.032275 -7.40222 0.0539552 417.833 10093 -19291.5 -2547.95 -570.493 412.303 734.422 312222 209316 25798.4 -1711.28 -2887.89 -4481.56 -0.0281177 -0.0265027 -0.0367082 2.97941 0.00273421
660 0.032775 -7.4012 0.0543032 420.529 9569.12 -19866.9 -2562.61 -719.53 483.657 726.853 324346 217193 27972.4 -1453.4 -2944.28 -3862.69 -0.0280126 -0.023986 -0.0370215 2.97926 0.00277274
670 0.033275 -7.40002 0.0545536 422.467 9102.03 -20401.1 -2577.8 -820.118 551.406 701.198 335196 224178 30243.4 -740.958 -3039.43 -3002.79 -0.0279392 -0.0215251 -0.0373001 2.97956 0.00281112
680 0.033775 -7.39868 0.0547405 423.915 8667.77 -20786.4 -2590.05 -853.138 596.673 645.932 345717 231369 32538.5 -758.674 -3246.95 -2110.04 -0.0276218 -0.0194194 -0.0376549 2.98176 0.00284951
690 0.034275 -7.39721 0.0548749 424.956 8234.22 -21267 -2599.17 -848.562 607.079 561.218 358516 240188 34997.6 109.201 -3585.81 -1630.41 -0.0269815 -0.0179667 -0.0381375 2.97882 0.00288796
700 0.034775 -7.39562 0.0549424 425.479 7815.29 -21889.5 -2604.86 -791.152 583.338 451.506 370971 249907 37521 1257.85 -4217.66 -1384.47 -0.0260621 -0.0172383 -0.0387428 2.98191 0.00292642
710 0.035275 -7.39395 0.0549985 425.913 7421.85 -22699.6 -2614.18 -748.142 583.785 349.407 386005 259947 40498.4 3375.55 -4359.54 -732.126 -0.0253491 -0.0167003 -0.0391639 2.98147 0.00296474
720 0.035775 -7.39219 0.0552301 427.707 7065.65 -23445.6 -2629.33 -682.983 607.266 250.743 401192 269806 42823.6 2390.34 -5043.79 256.08 -0.0246844 -0.0161733 -0.0393757 2.9825 0.00300279
730 0.036275 -7.39037 0.0557336 431.606 6766.24 -23550.6 -2647.72 -612.092 656.322 148.226 415770 277043 45392.2 -262.648 -5132.47 1215.36 -0.0239736 -0.015786 -0.0393838 2.98294 0.00304051
740 0.036775 -7.3885 0.0560743 434.244 6503.51 -22572.5 -2668.22 -715.279 747.782 45.5045 427985 280721 48597.5 -1834.83 -3686.83 2830.26 -0.0234475 -0.0161039 -0.0391202 2.98382 0.00307793
750 0.037275 -7.38662 0.0562135 435.322 6345.88 -22596.7 -2695.12 -878.692 780.638 -41.2164 437153 288516 51919.2 -3049.47 -3149.12 3508.83 -0.0231883 -0.0165044 -0.0388539 2.98485 0.00311519
760 0.037775 -7.3848 0.0564631 437.255 6157.82 -22788.2 -2731.1 -997.725 787.396 -113.702 451248 297050 55295.7 -5989.06 -3638.99 3006.59 -0.0229905 -0.0170757 -0.0385217 2.9825 0.00315229
770 0.038275 -7.3831 0.0568889 440.552 5794.53 -23316.3 -2778.11 -1159.38 757.363 -175.852 467759 306311 58891.9 -9163.37 -4209.71 1806.93 -0.0227977 -0.018521 -0.0381326 2.98559 0.00318921
780 0.038775 -7.38157 0.0575818 445.918 5331.56 -23936.1 -2834.52 -1094.72 683.377 -196.308 483888 317420 62896.7 -11784.9 -3609.43 842.989 -0.0222355 -0.0194008 -0.0376756 2.98868 0.00322587
790 0.039275 -7.38021 0.0585819 453.663 5106.97 -24400.8 -2895.25 -766.195 582.225 -192.217 501812 328136 67069.7 -13948.9 -2217.24 1160.08 -0.021636 -0.0190162 -0.037167 2.98721 0.0032622
800 0.039775 -7.37902 0.0597995 463.092 5357.36 -25086.9 -2963.87 -1.61337 410.564 -198.527 538742 344679 72627.3 -19390.1 -996.522 3700.28 -0.0217982 -0.0184499 -0.0367191 2.98426 0.00329817
810 0.040275 -7.37798 0.061063 472.877 4856.82 -27274.5 -3037.28 -85.8246 185.144 -210.035 568752 356663 78344.6 -22131.8 855.931 5574.63 -0.0194283 -0.0180049 -0.036152 2.98265 0.00333385
820 0.040775 -7.37701 0.0623907 483.159 4543.38 -28683.2 -3103.68 -522.696 25.6023 -255.66 586537 359908 83827.7 -22273.1 3578.84 6454.87 -0.0168483 -0.0181994 -0.0353907 2.98338 0.00336913
830 0.041275 -7.37599 0.0637041 493.33 6265.66 -28549.6 -3158.59 16.078 -143.052 -378.639 606219 368057 90719.5 -15078.3 3554.73 6858.73 -0.0195584 -0.0192481 -0.0347465 2.98544 0.00340383
840 0.041775 -7.37495 0.0652047 504.95 6402.34 -28413.8 -3213.72 -148.411 -322.363 -406.604 629594 389805 96304.2 -2247 2715.95 3883.89 -0.0175082 -0.0181041 -0.0338848 2.98676 0.00343777
850 0.042275 -7.37385 0.0673094 521.25 7017.03 -28312 -3286.44 113.923 -458.515 -367.44 662533 405971 101726 -5344.33 3893.78 3586.73 -0.0188093 -0.0183912 -0.0330477 2.98471 0.00347053
860 0.042775 -7.37256 0.0686309 531.483 3844.28 -34375.2 -3500.93 -2798.69 262.58 212.999 700936 420455 108088 -19592.8 5428.71 7866.16 -0.024253 -0.0413417 -0.0315535 2.98176 0.00350211
870 0.043275 -7.37115 0.0687197 532.171 1197.2 -40957.6 -3622.76 -5288.82 651.45 596.138 763117 445148 118001 -42849.3 3420.96 18653.9 -0.0277694 -0.0625604 -0.0296092 2.98309 0.00353467
880 0.043775 -7.36962 0.0715669 554.22 2296.93 -37137.3 -3632.7 -3762.72 335.491 542.907 806790 457499 128317 -47550.7 2357 24412.1 -0.0280107 -0.0531706 -0.0295998 2.98235 0.00357016
890 0.044275 -7.36793 0.0728283 563.988 7326.92 -32125.3 -3541.69 80.8959 -787.968 61.4447 831877 473890 137833 -50606.5 2519.36 25860.2 -0.027852 -0.0297415 -0.0295179 2.98074 0.00360753
900 0.044775 -7.36602 0.0723326 560.15 7376.75 -33529.3 -3665.02 -222.612 -741.814 275.595 834963 490240 145645 -46782.9 5574.38 25715.7 -0.030692 -0.0319096 -0.0280054 2.98059 0.00364441
910 0.045275 -7.36392 0.0721663 558.861 6770.51 -36024 -3860.52 -908.284 -423.847 590.796 832988 504646 153062 -43418.2 10480.8 24559.2 -0.0334886 -0.0340871 -0.0244271 2.97632 0.00368078
920 0.045775 -7.36163 0.0724779 561.275 6246.54 -39283 -4023.22 -957.899 -418.441 862.144 833501 521917 161184 -41981.1 14596.9 23412.5 -0.036129 -0.03991 -0.0221073 2.97529 0.00371754
930 0.046275 -7.35917 0.0739162 572.413 5447.59 -44994.2 -4126.87 -1875.62 -893.536 988.043 835484 545998 169868 -42191.7 18372.6 22362.7 -0.0367642 -0.0458441 -0.021637 2.97574 0.00375498
940 0.046775 -7.35666 0.0816551 632.344 3747.97 -54950.5 -4139.7 -6979.69 -1733.68 730.694 837086 580981 178829 -43361.6 21041.9 23083.4 -0.0291042 -0.0374599 -0.0218747 2.97529 0.00379304
950 0.047275 -7.35403 0.100406 777.55 4484.42 -42833 -4089.98 -7151.48 -597.297 385.372 841757 595210 188312 -50500.2 20924.2 22401.3 -0.0334004 -0.0208468 -0.0261157 2.97265 0.00383305
960 0.047775 -7.35113 0.105107 813.96 4268.47 -36809.9 -4143.51 -3764.38 263.964 652.018 844940 608321 198801 -53018.7 23009.7 19667.5 -0.044285 -0.0277049 -0.0273167 2.97529 0.00387593
970 0.048275 -7.34853 0.10808 836.978 3191.03 -42996.7 -4357.8 -3060.09 -566.618 1371.14 860939 632697 210120 -48419 26067.3 16628.2 -0.0502542 -0.0389424 -0.0248757 2.97353 0.00392092
980 0.048775 -7.34628 0.108028 836.575 2110.48 -44916.6 -4598.69 -2992.5 -753.585 1806 872558 650852 221797 -41986.8 28170.7 13886.5 -0.0534472 -0.0457313 -0.0224613 2.97074 0.00396578
990 0.049275 -7.34437 0.108586 840.895 1509.49 -43815.6 -4778.83 -3329.52 -394.753 1949.3 884716 667616 234560 -38770.5 30152.1 13337.8 -0.0531736 -0.0453059 -0.020663 2.97118 0.004009
1000 0.049775 -7.34227 0.109259 846.113 839.115 -46097.8 -5324.02 -4362.55 645.89 2581.3 904339 689675 249785 -40002.9 32216.4 15349 -0.0561614 -0.0586359 -0.0126241 2.97382 0.00405039
1010 0.050275 -7.33948 0.108863 843.044 199.645 -50543.4 -6096.62 -3827.69 222.619 3250.19 926900 713418 265309 -44329.1 34071.5 14366.7 -0.0613764 -0.0895143 -0.00436987 2.97926 0.0040899
1020 0.050775 -7.33779 0.108145 837.48 83.7357 -57667.4 -7101.81 -706.754 -3061.19 3653.98 945498 738878 281192 -48839.4 39013.8 12219 -0.0698026 -0.144851 0.0031615 2.98118 0.00412363
1030 0.051275 -7.3369 0.112618 872.126 778.867 -46384.3 -6247.86 -3182.79 -132.504 2264.74 956330 736190 295837 -44263.9 35542.7 12091.9 -0.045334 -0.0637759 -0.0113983 2.97853 0.00414699
1040 0.051775 -7.33579 0.114588 887.38 88.7848 -46421.7 -6362.05 -2686.33 65.6224 1712.99 961968 750066 312549 -45279.1 36248.3 10393.2 -0.0408786 -0.06271 -0.0122414 2.97618 0.00416758
1050 0.052275 -7.33409 0.116488 902.091 -1108.5 -48846.6 -6869.68 -1484.62 -125.866 1151.3 958405 759062 329349 -49100.9 39834.4 8591.51 -0.0400408 -0.0765571 -0.00824061 2.97765 0.00418735
1060 0.052775 -7.33158 0.119256 923.529 -1040.1 -47029.6 -6957.98 -1492.75 419.649 153.258 947407 761521 345460 -54709.6 44641 5904.58 -0.0349439 -0.0723985 -0.0131916 2.97721 0.0042052
1070 0.053275 -7.32843 0.114919 889.941 -1378.76 -34741.6 -5592.04 -6834.84 4627.87 -2511.51 948493 785803 360697 -61178.6 37221.3 202.617 -0.0243928 -0.025565 -0.0424521 2.97544 0.00422326
1080 0.053775 -7.32485 0.115977 898.139 689.539 -35650.5 -4606.72 -7348.7 6115.05 -3887.96 948697 822935 377091 -72529.6 32795.8 -5427.85 -0.0275227 -0.0279422 -0.0550151 2.97456 0.00425211
1090 0.054275 -7.32128 0.121317 939.492 1875.61 -50973.8 -6039.88 -2833.74 2523.58 -2233.3 966319 865512 397915 -83558 33492.1 -4789.01 -0.0420107 -0.085349 -0.0226935 2.97735 0.00429199
1100 0.054775 -7.31855 0.118552 918.079 830.943 -53731.3 -7007.58 -3071 815.938 -1152.11 984993 882373 418950 -86617 38219.3 2123.73 -0.0449589 -0.0916832 -0.0110213 2.97691 0.00433069
1110 0.055275 -7.31612 0.11827 915.895 -246.883 -51106.2 -7216 -2916.88 1018.28 -75.1088 988782 881549 438185 -89370.2 45487.7 10164.9 -0.0345332 -0.0703837 -0.0152191 2.97397 0.00436363
1120 0.055775 -7.31367 0.120045 929.64 -972.537 -54008.1 -7980.64 -1029.14 -978.787 926.02 987932 883809 457965 -89759.4 56664.5 16719.4 -0.0307824 -0.0849915 -0.0042095 2.97265 0.00439288
1130 0.056275 -7.31133 0.122327 947.312 -1384.62 -66365.7 -11134.6 2816.89 -7430.47 2549.72 983206 897758 480228 -90837.1 73487.9 21811.4 -0.0458913 -0.190482 0.0520341 2.97103 0.00441242
1140 0.056775 -7.3088 0.130945 1014.05 56.7691 -52090.1 -8348.87 -554.246 -1375.23 634.012 969419 880008 494092 -82944.3 73263.2 30911.6 -0.0335767 -0.0615025 -0.0184167 2.97309 0.00441101
1150 0.057275 -7.30578 0.13181 1020.75 1759.95 -49575.9 -8740.9 -727.48 -565.468 285.92 955382 882069 511944 -82309.5 76929.8 38358.9 -0.0357314 -0.0522685 -0.031858 2.97044 0.00440242
1160 0.057775 -7.30161 0.131446 1017.93 2772.88 -51482.6 -11520.6 359.661 -1255.29 527.865 953716 899680 532969 -86201.9 81267.3 47050.9 -0.038845 -0.0695537 -0.0452827 2.97132 0.00439059
1170 0.058275 -7.29682 0.130118 1007.65 4001.07 -45694.4 -8033.1 -1205.82 2523.6 -293.358 940313 914449 551485 -93790.1 78774.4 57147 -0.0320722 -0.0207251 -0.0873587 2.97074 0.0043738
1180 0.058775 -7.29306 0.124655 965.337 5253.57 -36929.8 -602.511 -4219.55 9282.23 -2100.82 920695 918437 562346 -96529 78875.7 65305.2 -0.0267393 0.052834 -0.156985 2.97147 0.00436144
1190 0.059275 -7.291 0.132058 1022.67 4299.67 -45303.4 -461.134 -1213.98 4403.02 -427.832 901487 924805 573502 -86858 93006.9 61206 -0.0392018 -0.0141949 -0.0794023 2.97132 0.00436658
1200 0.059775 -7.28994 0.135054 1045.87 3669.54 -52275.5 -3307.37 1912.07 -564.709 827.929 896300 930499 588707 -80539 104485 63551 -0.0491749 -0.0842654 -0.0143701 2.975 0.00437985
1210 0.060275 -7.2882 0.134899 1044.67 4003.81 -52062.9 -5177.61 2784.71 -160.942 628.581 893902 941560 602392 -79701.3 108578 68948.5 -0.0452769 -0.0779055 -0.0561438 2.97676 0.00438905
1220 0.060775 -7.28518 0.135617 1050.23 3274.42 -55472.6 -6358.4 4212.44 -1459.1 1323.61 896248 963112 614956 -73705.9 113936 70052.5 -0.0492383 -0.110081 -0.0458886 2.98309 0.00439345
1230 0.061275 -7.28172 0.133958 1037.38 334.086 -66715.2 -12948.9 6369.75 -9035 3449.6 896719 993420 633450 -64866.1 127225 69300.3 -0.0699296 -0.262723 0.101876 2.98324 0.00438482
1240 0.061775 -7.27861 0.143871 1114.15 -4615 -65698.1 -9234.07 3528.8 -4581.07 2480.69 909614 1.01356e+06 637580 -45865.5 125438 71015.9 -0.0555955 -0.123467 -0.00184199 2.97926 0.00434369
1250 0.062275 -7.27557 0.157549 1220.07 -3211.5 -64878 -7953.32 1012.02 -2793.68 1735.34 916273 1.03731e+06 643740 -31656.5 129713 70113 -0.0607252 -0.0878504 -0.0423264 2.97735 0.00428209
1260 0.062775 -7.27223 0.161821 1253.15 3206.14 -59681.9 -3356.12 1018.93 -2173.7 -209.925 913678 1.06519e+06 650021 -31115.7 131569 70399.4 -0.0438816 -0.0965733 -0.030251 2.97485 0.00421268
1270 0.063275 -7.26878 0.169644 1313.73 10916.6 -51780.9 19906.1 2224.99 -1089.65 -7803.14 903569 1.09086e+06 640963 -36779.2 131988 75814 -0.0102616 -0.0442759 0.144244 2.97265 0.00415444
1280 0.063775 -7.26596 0.184514 1428.89 4058.04 -46393.8 4658.52 -2766.48 8623.21 -2519.72 879230 1.10892e+06 660452 -45285.3 131164 77958.2 -0.0269185 0.0795831 -0.172762 2.97176 0.00415232
1290 0.064275 -7.26291 0.192527 1490.94 -2249.52 -55919.5 -6522.37 2002.17 4201.24 2012.79 871396 1.12497e+06 676360 -51820.5 142592 74386.3 -0.0736467 0.0209728 -0.163545 2.97426 0.00420243
1300 0.064775 -7.25875 0.227608 1762.62 -27155.3 -83290.2 -15384 22989 -9291.38 12155.6 883679 1.14463e+06 686671 -71389.1 161318 62548.9 -0.217676 -0.141631 -0.0108738 2.9725 0.00427052
1310 0.065275 -7.25391 0.326314 2527 -22604.9 -74394.9 -9283.21 9062.46 -4079.94 10738.9 898908 1.13938e+06 686328 -64924 152695 56555.1 -0.239291 -0.135829 -0.0773819 2.96779 0.00431747
1320 0.065775 -7.24639 0.326142 2525.67 -9299.42 -68348.1 -3080.22 2879.72 4160.3 7208.94 878257 1.14182e+06 685791 -61518.1 150616 57262.3 -0.15445 -0.079959 -0.161821 2.96426 0.00434271
1330 0.066275 -7.23644 0.319686 2475.67 -13338.7 -77681.4 -11743.4 4268.7 1350.39 4131.34 880524 1.15957e+06 693428 -67266.8 156509 53966.5 -0.0675079 -0.0680516 -0.267797 2.96588 0.00434645
1340 0.066775 -7.22278 0.313553 2428.18 -16086 -80371.5 -10352.3 1973.55 5208.35 6406.81 904813 1.17519e+06 696820 -60982.4 159123 46558.8 -0.0685724 -0.0548726 -0.181693 2.96603 0.00433181
1350 0.067275 -7.22429 0.328259 2542.07 -17049.4 -84786.2 -10764.5 -586.94 3148.74 10760.6 931058 1.19419e+06 702513 -50874.6 165798 38443.5 -0.0446158 0.00677704 -0.0453474 2.96074 0.00430033
1360 0.067775 -7.22679 0.346583 2683.97 -18220.2 -79173 -12661.8 5045.15 -1181.82 10190.6 958303 1.20999e+06 710691 -43272 175782 34329.2 -0.0372013 -0.119374 0.0369158 2.95926 0.00425242
1370 0.068275 -7.22533 0.348085 2695.6 -19620.1 -74577.9 -12761 9489.89 -617.058 8196.4 991552 1.23637e+06 716005 -31256.3 177078 30974.7 -0.0528652 -0.183889 0.051203 2.96338 0.00418792
1380 0.068775 -7.22193 0.345865 2678.4 -23573.6 -75991.9 -13260.4 10199.6 2068.64 5490.59 1.02487e+06 1.26946e+06 720748 -18436.2 174569 28339.3 -0.0944521 -0.134037 -0.0261557 2.96426 0.00411038
1390 0.069275 -7.21974 0.337188 2611.21 -25367.5 -80471.9 -31454.8 13039.6 639.858 2029.5 1.04206e+06 1.2917e+06 746385 -20366 178390 27071.4 -0.101012 -0.24944 0.0252227 2.96368 0.00402407
1400 0.069775 -7.21688 0.324479 2512.79 -26129.5 -88490.9 -50747.3 7716.6 -6764.9 -4704.37 1.04214e+06 1.30826e+06 770184 -23124 186024 30323 -0.102447 -0.31186 -0.120603 2.95779 0.00393146
1410 0.070275 -7.21297 0.337592 2614.34 -24155 -78523.1 -35685.6 7857.39 -305.685 -3094.46 1.0421e+06 1.30139e+06 758213 -29839.6 178037 25594.9 -0.112952 -0.213032 -0.322726 2.95647 0.00381549
1420 0.070775 -7.20941 0.349034 2702.95 -17610.8 -70395 -16633.3 7543.79 928.246 7530.87 1.03696e+06 1.29411e+06 748014 -35033.9 178812 12888.9 -0.177427 -0.129833 0.0340938 2.95059 0.00366718
1430 0.071275 -7.20701 0.34627 2681.54 -12735.1 -68625.7 -12552.7 9116.07 1558.2 13283.9 1.02711e+06 1.29429e+06 753031 -44492.2 180106 7097.04 -0.24612 -0.135938 0.195081 2.95 0.00350886
1440 0.071775 -7.20393 0.347029 2687.42 -16312.1 -73449.6 -24399.3 5624.26 -5387 7431.23 1.02467e+06 1.30409e+06 768424 -50035.7 185098 8630.69 -0.232838 -0.115331 0.0466649 2.94897 0.00334661
1450 0.072275 -7.19974 0.345068 2672.24 -27849.2 -83580.6 -44860.9 1012.91 -16492.1 -2055.95 1.02943e+06 1.32165e+06 792420 -54014 198112 14119.4 -0.219161 -0.228282 -0.050903 2.9475 0.00317121
1460 0.072775 -7.19458 0.351942 2725.47 -41296.8 -79842.9 -38269.8 10385.2 -8517.9 461.447 1.04707e+06 1.33959e+06 796037 -67332.2 191459 11504.8 -0.0688847 -0.437452 -0.295375 2.94647 0.00296155
1470 0.073275 -7.19579 0.381559 2954.83 -34724.4 -68898.6 -19412.1 -162.465 5878.35 -909.542 992265 1.32555e+06 790896 -90984.3 184526 22126.3 -0.273152 -0.0161708 -0.431866 2.94559 0.00272376
1480 0.073775 -7.19481 0.384432 2977.07 -25229.8 -79130.4 -35298.4 -1163.68 -4293.11 -3579.89 979954 1.35186e+06 814664 -103969 195003 30172.5 -0.253146 -0.0469729 -0.155251 2.94162 0.00246811
1490 0.074275 -7.18726 0.411466 3186.42 -21552.6 -86538.3 -44920 2204.3 -5695.04 -2867.35 995666 1.37501e+06 829596 -122482 193618 31816.3 -0.227151 -0.0701145 -0.210411 2.94103 0.0021688
1500 0.074775 -7.17878 0.433329 3355.73 -37506.4 -111560 -41731.6 -15799.6 -2890.22 -2377.2 1.06405e+06 1.43824e+06 837538 -104925 190775 30693.1 -0.494383 -0.198786 -0.339743 2.93559 0.00184814
1510 0.075275 -7.17375 0.474006 3670.74 -33064.9 -106884 -37911.2 -12364.5 -3664.35 -357.373 1.04307e+06 1.41527e+06 848538 -134582 188957 25525 -0.192822 -0.2665 -0.211637 2.93721 0.00154198
1520 0.075775 -7.1741 0.461878 3576.82 -15093.8 -95512.7 -11768.4 -14464 -4237.4 10625 1.04258e+06 1.4217e+06 852951 -139582 189525 20867.5 -0.193814 -0.473919 -0.0234119 2.94029 0.00126052
1530 0.076275 -7.17782 0.466097 3609.49 -31258.2 -108643 -38988.8 -6959.32 -7334.01 -5721.25 1.04198e+06 1.43411e+06 879441 -159933 190261 32150.4 0.189402 -0.479706 -0.285305 2.93926 0.00101868
1540 0.076775 -7.18233 0.473288 3665.18 -28854.8 -99145.5 -28155.9 -6064.61 -7526.37 -14555.3 1.04372e+06 1.43253e+06 884052 -173529 183219 38391.6 0.126671 -0.312566 -0.252476 2.93956 0.000819651
1550 0.077275 -7.1853 0.474456 3674.23 -27660.4 -89367.7 -20874.7 -7511.16 -8899.97 -15941.5 1.0641e+06 1.44001e+06 897306 -187338 178024 34636.4 0.0501322 -0.285192 -0.18812 2.94176 0.000643066
1560 0.077775 -7.18582 0.471643 3652.44 -25120.8 -79308 -17545.3 -10950.4 -4961 -15110.1 1.08244e+06 1.45014e+06 917576 -192403 168788 32682.3 -0.0501241 -0.308514 -0.198013 2.94603 0.000482904
1570 0.078275 -7.18235 0.466665 3613.89 -24616.2 -71211.1 -18935.3 -11629 -3488.09 -15284.1 1.09363e+06 1.45e+06 930675 -197863 163138 31224.5 -0.116812 -0.258702 -0.176954 2.94824 0.000336095
1580 0.078775 -7.1849 0.47133 3650.02 -25243.9 -73964.4 -20235.2 -14611 -2381.82 -14254.1 1.10127e+06 1.45026e+06 940141 -200811 157713 29262.4 -0.0916642 -0.206316 -0.130271 2.94735 0.000199123
1590 0.079275 -7.18565 0.484347 3750.82 -31022.3 -78938.4 -22990.6 -12564.7 -4049.46 -15038.9 1.09748e+06 1.43008e+06 939942 -200555 152753 16755.3 0.221096 -0.249855 -0.137774 2.94324 7.10516e-05
1600 0.079775 -7.18576 0.495125 3834.29 -27919.8 -81908.3 -11258.5 -1124.16 -5593.18 -14380 1.09879e+06 1.4371e+06 935202 -206546 144438 14435.1 0.00860082 -0.176502 0.0493935 2.93588 -3.75357e-05
1610 0.080275 -7.18393 0.494173 3826.91 -34430.5 -86793.6 -22665.3 949.747 -7085.7 -14146.9 1.10379e+06 1.44745e+06 953185 -201832 136518 15342 0.0181675 -0.189084 0.0218648 2.93029 -0.000102458
1620 0.080775 -7.18329 0.502674 3892.74 -36981.3 -92651.3 -31166.3 -4732.7 -2388.33 -16224.3 1.10929e+06 1.46674e+06 966070 -188315 116127 18160.6 -0.0335499 -0.122975 -0.063821 2.92824 -0.000124979
1630 0.081275 -7.18121 0.500552 3876.32 -34163.9 -90693 -33228.7 -10583.1 235.434 -15843.8 1.11266e+06 1.47168e+06 973840 -172797 99096.5 16251.1 -0.0488217 -0.0819987 -0.262913 2.92853 -0.000137843
1640 0.081775 -7.1777 0.497443 3852.24 -40822.6 -81625.4 -34018 -17475.8 -3874.32 -13306.4 1.12373e+06 1.46838e+06 992457 -153006 94219.9 17143.8 -0.0101436 -0.089541 -0.157364 2.92721 -0.000151819
1650 0.082275 -7.17306 0.497198 3850.34 -43060.2 -80059.9 -35698.2 -19965.8 -2308.93 -15659.3 1.12809e+06 1.47027e+06 1.01538e+06 -138342 84145.3 27336.6 0.0208108 -0.0998988 -0.179254 2.92412 -0.000171882
1660 0.082775 -7.16774 0.496124 3842.03 -42151.5 -82964.1 -31213.9 -17756.8 -3678.87 -16711.8 1.13124e+06 1.48125e+06 1.03549e+06 -127822 72978.6 39017.5 0.056265 -0.124533 -0.343071 2.92294 -0.000198812
1670 0.083275 -7.16884 0.498592 3861.14 -39005.3 -81093.1 -28382.7 -17137.8 -8597.04 -13759 1.13713e+06 1.48439e+06 1.0441e+06 -113660 65406.2 48718.7 0.025017 -0.153229 -0.342817 2.92382 -0.000222881
1680 0.083775 -7.15672 0.488078 3779.71 -43780.6 -83484.5 -48905.3 -14411.9 -17828.8 -16331.3 1.1443e+06 1.4891e+06 1.05515e+06 -99755.3 57944.6 58992.8 -0.206749 -0.288099 -0.520854 2.92882 -0.000236153
1690 0.084275 -7.1569 0.493866 3824.54 -30500.3 -81956.1 -15414.7 -9980.34 2533.93 -8339.74 1.14043e+06 1.49722e+06 1.03953e+06 -89325.1 35088.3 62482.3 -0.0963723 0.0621496 0.0655987 2.92662 -0.000236627
1700 0.084775 -7.16305 0.503605 3899.95 -23326.7 -94716 -33932.9 -7707.66 -7518.91 -5772.96 1.14019e+06 1.51084e+06 1.04546e+06 -79034.6 25873.3 65178.1 -0.12461 -0.130427 0.0560817 2.92574 -0.000230704
1710 0.085275 -7.15933 0.501129 3880.78 -15506.3 -99300.5 -35798.9 -5821.89 -7944.14 -3449.89 1.15397e+06 1.51983e+06 1.04003e+06 -69913.3 10387.6 67363 -0.171312 -0.0983375 0.0906651 2.92721 -0.000217199
1720 0.085775 -7.15542 0.497134 3849.84 -3990.86 -96190.7 -25804.1 -4408.46 -9952.14 -3054.4 1.16576e+06 1.52913e+06 1.02466e+06 -57032.7 -7770.73 71915.4 -0.174297 -0.0303032 -0.00723832 2.92559 -0.000198522
1730 0.086275 -7.15297 0.508772 3939.97 -4638 -83122 -26553.6 -4710.33 -11177.2 -2956.26 1.16563e+06 1.50389e+06 1.01485e+06 -48164.6 -16545.3 77535.6 -0.138892 -0.159719 -0.259768 2.92676 -0.000190641
1740 0.086775 -7.15367 0.502777 3893.55 -19016.7 -81868.8 -29502.4 -9787.32 -6639.83 -2980.1 1.16462e+06 1.4934e+06 1.00699e+06 -29076.8 -30607.2 84220.4 -0.0414113 -0.232292 -0.316772 2.92544 -0.000186685
1750 0.087275 -7.1527 0.497643 3853.79 -24659.1 -70734.9 -30778.5 -13172.9 -5487.27 -3183.13 1.16049e+06 1.47841e+06 998986 -12012.6 -42925.5 90559 -0.0698629 -0.279207 -0.334734 2.92441 -0.000184261
1760 0.087775 -7.15213 0.496254 3843.03 -27797.2 -76551.7 -27523 -16352.1 -3264.19 -4988.63 1.1493e+06 1.48003e+06 991629 3273.01 -57138.8 98759.6 -0.105041 -0.230867 -0.299701 2.92324 -0.000182585
1770 0.088275 -7.15009 0.497854 3855.43 -30253.9 -86437 -25595.5 -18216.2 -132.294 -6923.62 1.14482e+06 1.48595e+06 984051 19748.8 -70892.7 107396 -0.156611 -0.129392 -0.217232 2.92426 -0.000182553
1780 0.088775 -7.143 0.485385 3758.86 -36819.2 -102964 -29127.3 -18531.2 413.711 -12506.5 1.15112e+06 1.5073e+06 978858 32271.9 -84256.9 118277 -0.231051 -0.0812409 -0.296243 2.92544 -0.000189536
1790 0.089275 -7.12901 0.471417 3650.7 -37545.2 -101662 -29193.1 -15254.7 1361.99 -13266.1 1.15487e+06 1.50303e+06 971169 43358 -94378.8 126958 -0.293584 -0.0650861 -0.309205 2.925 -0.000211897
1800 0.089775 -7.13018 0.468902 3631.21 -38601.4 -90315 -32638.6 -11164.2 2186.57 -2895.88 1.16797e+06 1.48647e+06 970115 56135.9 -99015.8 129014 -0.0982929 -0.117281 -0.00584638 2.9225 -0.00024538
1810 0.090275 -7.13233 0.456453 3534.81 -36054.7 -74991.4 -32686.7 -12114.5 -1920.61 679.37 1.1751e+06 1.47647e+06 967199 65944.5 -104186 135178 -0.048439 -0.435601 0.164851 2.92118 -0.000259925
1820 0.090775 -7.13026 0.458977 3554.36 -35302.8 -73587.6 -27967.8 -14068.7 1460.48 -924.307 1.16875e+06 1.47428e+06 955406 71410.7 -117309 147128 -0.143223 -0.395862 -0.0842979 2.92088 -0.0002395
1830 0.091275 -7.12503 0.46068 3567.54 -34331 -85497.2 -26468.5 -12134 3835.65 -2342.46 1.1662e+06 1.48706e+06 948918 74239.8 -127700 160182 -0.249642 -0.263509 -0.217382 2.91824 -0.000204325
1840 0.091775 -7.11692 0.444623 3443.2 -35507.8 -106439 -27751.1 -5494.24 4950.25 -3242.21 1.16225e+06 1.52193e+06 947397 67236.2 -138276 173588 -0.347718 0.00893769 -0.25661 2.92029 -0.000173417
1850 0.092275 -7.10865 0.440425 3410.69 -28022.3 -86319 -28901.1 1846.94 148.181 -2159.18 1.15123e+06 1.48787e+06 939882 66474.6 -140952 182663 -0.296292 -0.114556 -0.31787 2.91412 -0.00015751
1860 0.092775 -7.10604 0.427293 3308.99 -29253 -70553.8 -35370.5 1661.72 -1373.44 351.929 1.15446e+06 1.4637e+06 939984 66928.5 -143976 189828 -0.0230436 -0.240509 -0.278545 2.9125 -0.000152252
1870 0.093275 -7.10936 0.425731 3296.9 -33810.7 -65568.5 -29504.9 -924.82 6494.4 -1626.34 1.16878e+06 1.46401e+06 938252 68771 -155169 198987 -0.136114 -0.327269 -0.176545 2.91309 -0.000152599
1880 0.093775 -7.10996 0.434031 3361.17 -28843 -71833.3 -13467.5 214.723 8861.51 -3535.77 1.18437e+06 1.4843e+06 931527 64120.1 -161923 205012 -0.172901 -0.238565 -0.206276 2.91132 -0.00016518
1890 0.094275 -7.11173 0.427 3306.72 -28174 -88347.5 -4547.66 -3899.78 9226.55 -7599.96 1.20023e+06 1.51582e+06 922277 61501.4 -167851 210946 -0.0442916 0.0205091 -0.155252 2.90985 -0.000198276
1900 0.094775 -7.11239 0.436656 3381.5 -26798.8 -73860.4 -13943.1 -8021.99 10685 -8391.66 1.21842e+06 1.48161e+06 918044 69222.2 -169208 212887 -0.2023 -0.25313 -0.141404 2.90779 -0.000252913
1910 0.095275 -7.10964 0.421723 3265.85 -26202.2 -59492.4 -17983.3 -6813.67 5550.09 -5144.18 1.23976e+06 1.46449e+06 905803 73599.6 -167780 211898 -0.172393 -0.375859 -0.082704 2.90735 -0.000315414
1920 0.095775 -7.10352 0.41998 3252.36 -25574.8 -71185.1 -21749.8 1745.46 3998.03 -10430.3 1.25517e+06 1.47087e+06 883804 76210.8 -169899 211943 -0.436984 -0.206987 0.0387689 2.90324 -0.000371076
1930 0.096275 -7.10319 0.416531 3225.65 -33034.4 -94064.9 -51353.9 4235.88 8625.22 3734.89 1.27134e+06 1.51366e+06 892382 82715.2 -183013 208899 -0.0781983 0.128559 -0.088784 2.90029 -0.000414375
1940 0.096775 -7.11067 0.430211 3331.59 -23837.1 -79926.7 -29233.8 464.487 5359.28 66.7696 1.2775e+06 1.49181e+06 887452 91329.9 -185891 217832 -0.268553 -0.0431281 -0.103338 2.90029 -0.000455319
1950 0.097275 -7.11138 0.421244 3262.15 -22316 -55877.8 -29594.3 -699.462 -2160.42 1056.69 1.28887e+06 1.46022e+06 885474 95925.9 -184854 221179 -0.501259 -0.336497 -0.116973 2.90074 -0.000493278
1960 0.097775 -7.11223 0.420127 3253.5 -37624.4 -75018.1 -42282.3 11306.4 -14625.2 10833.6 1.31554e+06 1.47466e+06 889640 81178.6 -180830 212587 -1.96665 -0.819843 0.594714 2.90338 -0.00052922
1970 0.098275 -7.11294 0.427118 3307.63 -24305 -103614 -50410.2 -1882.2 -6074.4 2854.73 1.29495e+06 1.51158e+06 887613 85055.2 -204041 222181 -0.601801 -0.529411 -0.45447 2.90235 -0.000582987
1980 0.098775 -7.11498 0.441065 3415.64 -22065.7 -82750 -31487.7 -3276.89 3785.64 5808.97 1.28696e+06 1.47687e+06 881472 74708.7 -210397 215034 -0.438264 -0.0970015 -0.327519 2.90294 -0.000647184
1990 0.099275 -7.11258 0.430404 3333.09 -26747.4 -56717.6 -40080.2 -3224.06 -5672.59 7522.79 1.30158e+06 1.44161e+06 885831 75984.7 -203680 214080 -0.157902 -0.42733 -0.189041 2.90441 -0.00070842
2000 0.099775 -7.10982 0.436545 3380.64 -25776.5 -66302.8 -26787.8 -1923.96 -4162.6 3809.49 1.31019e+06 1.45234e+06 882211 74066.5 -209948 217543 -0.0337318 -0.264642 -0.247475 2.90338 -0.00075138
2010 0.100275 -7.1093 0.429172 3323.55 -26678.2 -90563.9 -26339.7 -4181.66 5214.73 4045.82 1.32054e+06 1.49683e+06 889914 73216 -228002 219016 -0.0474181 0.000681376 -0.0716716 2.90074 -0.000786359
2020 0.100775 -7.10707 0.436876 3383.2 -27737.2 -78273.2 -29162.5 -4403.42 3817.39 4441.15 1.33598e+06 1.48309e+06 892200 74779.1 -217556 220899 -0.129247 -0.143303 -0.223544 2.90132 -0.000842045
2030 0.101275 -7.10362 0.420363 3255.33 -27999.2 -61964.9 -26323.1 -5955.46 -3743.8 4733.87 1.35061e+06 1.46081e+06 892582 79872.2 -211745 219138 -0.333819 -0.408319 -0.464127 2.90221 -0.000898403
2040 0.101775 -7.10022 0.424871 3290.23 -28760 -81179 -32071.8 -8709.03 2371.91 6910.77 1.35323e+06 1.47996e+06 896266 82958.1 -226220 220459 -0.216994 -0.341364 -0.227948 2.90353 -0.000926641
2050 0.102275 -7.10616 0.395719 3062.7 -30411.3 -96734 -33718.3 -10032.5 9373.62 7263.07 1.35479e+06 1.50337e+06 905179 82648.6 -247878 223025 0.00345719 -0.0992872 0.136233 2.90569 0.00271602
2060 0.102775 -7.10845 0.392606 3037.34 -30507.3 -80356.6 -24778.1 -7929.33 1984.85 4988.03 1.37702e+06 1.52094e+06 954922 77567.9 -234641 226601 -0.10736 -0.200302 -0.145316 2.90316 0.0051807
2070 0.103275 -7.107 0.379452 2935.57 -28793.7 -65222.1 -19347.7 -8138.61 -4800.81 6143.48 1.39761e+06 1.53086e+06 990401 79425.5 -230626 225242 -0.174859 -0.324593 -0.344874 2.89948 0.00522064
2080 0.103775 -7.10776 0.389315 3011.87 -28124 -82187.4 -21380 -10039.1 4359.75 7388.38 1.40667e+06 1.55996e+06 996191 77749 -251011 229052 -0.17546 -0.206084 0.0579748 2.89757 0.00528461
2090 0.104275 -7.10646 0.379774 2938.06 -27971.8 -86405.6 -23531.9 -10759.1 9237.91 7634.33 1.40757e+06 1.56179e+06 982288 75273.9 -266326 235721 -0.168454 -0.14397 0.300907 2.89904 0.00533441
2100 0.104775 -7.10157 0.381072 2948.1 -27899.5 -61562.6 -18073.8 -12489.5 -4924.47 8696.9 1.39576e+06 1.48579e+06 923178 83474.8 -252212 243595 -0.167579 -0.314607 -0.261963 2.89978 0.00534743
2110 0.105275 -7.09622 0.369989 2862.36 -27545.8 -56388 -15306.2 -15040.3 -9584.85 9799.57 1.38196e+06 1.43939e+06 877129 89334.1 -254638 253908 -0.210486 -0.365894 -0.378933 2.89919 0.00537484
2120 0.105775 -7.0904 0.367449 2842.71 -26495.7 -82915.1 -23915.6 -12769.1 5198.9 7610.99 1.37628e+06 1.45608e+06 874058 84566.5 -281464 265372 -0.275837 -0.206645 0.236401 2.89993 0.00542972
2130 0.106275 -7.0826 0.360077 2785.68 -26148.4 -80150 -24415.5 -9363.3 7793.44 7242.56 1.37981e+06 1.43786e+06 875484 86246 -286080 268631 -0.160224 -0.329636 0.168123 2.89654 0.00545757
2140 0.106775 -7.07493 0.343433 2656.91 -26516.5 -62790.7 -19689.8 -11365.8 -6084.09 10424.7 1.3919e+06 1.40292e+06 878036 95550.7 -266098 264853 -0.0536075 -0.561205 -0.366918 2.89669 0.00545481
2150 0.107275 -7.06859 0.338332 2617.45 -27578.2 -66787.5 -21601.3 -11515.5 -3983.5 10762 1.40751e+06 1.40995e+06 899845 97080.8 -268450 265064 -0.0635844 -0.58629 -0.241397 2.89536 0.00546651
2160 0.107775 -7.064 0.332851 2575.05 -30321.6 -88158.5 -28984.5 -7566.83 12487.7 7322.35 1.42466e+06 1.44969e+06 935222 89152.6 -293528 271705 -0.117775 -0.44576 0.300921 2.89522 0.0054851
2170 0.108275 -7.0614 0.332351 2571.18 -32887 -84357.5 -26768.1 -7248.75 7342.09 7120.73 1.43958e+06 1.44224e+06 948167 92781.9 -281864 273211 -0.119606 -0.51205 0.143409 2.89448 0.00546863
2180 0.108775 -7.06233 0.321272 2485.47 -34445.9 -69889.3 -17120.4 -10510.3 -4129.69 8561.13 1.45396e+06 1.41942e+06 953178 100588 -261174 271497 -0.0945671 -0.590065 -0.62139 2.89536 0.00544099
2190 0.109275 -7.0629 0.32329 2501.08 -34477.4 -75204 -15418.5 -9854.62 409.354 6428.65 1.47703e+06 1.46013e+06 993165 101911 -269286 259669 -0.119143 -0.516279 -0.715351 2.89831 0.00545735
2200 0.109775 -7.06273 0.317057 2452.86 -36402 -85131.5 -29074.3 -8509.25 5399.87 6142.98 1.51021e+06 1.52377e+06 1.05499e+06 102251 -287089 247048 -0.223971 -0.444693 0.472072 2.8989 0.00550124
2210 0.110275 -7.0629 0.32806 2537.98 -38013.3 -77207.4 -27875.6 -10884.1 2887.09 7422.16 1.51916e+06 1.52592e+06 1.07208e+06 109523 -282119 242145 -0.174687 -0.427718 0.292046 2.90022 0.00550683
2220 0.110775 -7.06576 0.329019 2545.4 -37712.2 -60486 -14748.4 -13688.7 -7571.57 10846.2 1.52917e+06 1.50539e+06 1.07469e+06 125131 -264758 238133 -0.136377 -0.42884 -0.404663 2.89993 0.00549023
2230 0.111275 -7.06905 0.346559 2681.1 -36085.8 -68068.6 -20826.1 -10849.8 -6578.06 7835.75 1.54099e+06 1.51837e+06 1.10296e+06 134003 -268426 243014 -0.129316 -0.282778 -0.378441 2.89904 0.00550122
2240 0.111775 -7.07312 0.359049 2777.72 -25956.2 -80532.3 -19023.1 -2976.87 3073.97 3280.61 1.5543e+06 1.56022e+06 1.14509e+06 131279 -287511 250707 -0.145632 -0.211098 0.179399 2.89787 0.0055326
2250 0.112275 -7.07784 0.360603 2789.75 -21229.2 -81666.3 -17723 -3354.27 684.376 2764.46 1.58974e+06 1.60815e+06 1.18031e+06 142047 -280835 250494 -0.0394821 -0.181202 0.218196 2.89536 0.00553057
2260 0.112775 -7.0828 0.371551 2874.45 -23030.7 -79377.3 -22664.2 -2216.21 -4713.4 3313.8 1.6311e+06 1.63136e+06 1.2051e+06 157861 -257819 245422 -0.0732104 -0.218829 -0.21981 2.89007 0.00548716
2270 0.113275 -7.083 0.35314 2732.01 -23566.8 -60458.4 -22602.5 2693.03 -521.785 4474.8 1.66484e+06 1.61775e+06 1.22004e+06 167594 -242844 254388 -0.137148 -0.194413 -0.510292 2.89463 0.00545102
2280 0.113775 -7.08005 0.360262 2787.11 -25367.7 -76745.3 -24008.7 902.374 -4894.09 3005.87 1.6772e+06 1.65403e+06 1.24869e+06 176367 -237062 247767 -0.174384 -0.412884 -0.263015 2.89522 0.00546676
2290 0.114275 -7.07409 0.361829 2799.23 -29641.5 -88654.4 -37461.6 -3502.14 -11889 -3875.19 1.69778e+06 1.66331e+06 1.27736e+06 185169 -230381 252845 -0.571696 -0.527222 -0.104027 2.89639 0.0055081
2300 0.114775 -7.06921 0.345879 2675.84 -24194.9 -74373.3 -18135 -3392.86 -13175.7 2608.63 1.74326e+06 1.63995e+06 1.26769e+06 209245 -214103 261271 -0.590621 -0.346238 -0.0348856 2.89654 0.00553313
2310 0.115275 -7.06299 0.33269 2573.8 -19157.6 -61858.5 -13851 -5688.56 -16726.1 3846.06 1.771e+06 1.61185e+06 1.2526e+06 227702 -202577 280456 -1.03324 -0.270627 -0.165267 2.89669 0.00554457
2320 0.115775 -7.05433 0.319674 2473.11 -14112.6 -65880.9 -16445.5 -7017.75 -19762.9 3573.33 1.79451e+06 1.58911e+06 1.22865e+06 241523 -191125 301772 -1.41621 -0.258925 -0.396914 2.89845 0.00555493
2330 0.116275 -7.04798 0.316659 2449.78 -15440.7 -79430.8 -26470.3 -8859.63 -20657.4 3481.6 1.82266e+06 1.59023e+06 1.23346e+06 261478 -177465 315763 -1.45042 -0.34861 -0.537041 2.89919 0.00557587
2340 0.116775 -7.04823 0.328223 2539.24 -10081.7 -69142 -9452.83 -5155.17 -10706.3 2105.94 1.84667e+06 1.57446e+06 1.23293e+06 279057 -167454 325670 -1.11859 -0.291232 -0.424264 2.90066 0.00561848
2350 0.117275 -7.04813 0.329288 2547.48 -10064.5 -67164.4 -5721.25 -667.3 -2513.87 4276.02 1.8649e+06 1.56973e+06 1.23292e+06 292230 -158305 327609 -0.769291 -0.227391 -0.35068 2.89742 0.00568787
2360 0.117775 -7.05276 0.340345 2633.03 -5420.54 -84787.7 -16689.7 -4996.12 -10840 2290.52 1.86182e+06 1.60341e+06 1.24343e+06 312904 -137358 327262 -0.52505 -0.207366 -0.14968 2.89536 0.00577291
2370 0.118275 -7.05643 0.341115 2638.98 -10553.2 -99704.2 -30487.5 -12261.4 -9997.45 -6007.55 1.86859e+06 1.62892e+06 1.26407e+06 329448 -124803 327874 -0.232542 -0.280236 -0.231144 2.90228 0.00585849
2380 0.118775 -7.05631 0.338075 2615.47 -13534 -104238 -48747.6 -12316.3 -2546.71 -10403.1 1.86909e+06 1.63911e+06 1.28985e+06 340516 -121974 325317 -0.112864 -0.319225 -0.193075 2.90272 0.00594309
2390 0.119275 -7.05798 0.336419 2602.65 -14982.2 -108472 -50538.8 -12071.4 -7681.72 -7506.97 1.86298e+06 1.63937e+06 1.29522e+06 347229 -106288 316526 -0.171289 -0.237892 -0.672056 2.90331 0.00603751
2400 0.119775 -7.05646 0.337551 2611.41 -13135.8 -90388.7 -29635.9 -14157.9 -13106 -1877.67 1.84502e+06 1.6214e+06 1.28384e+06 349076 -93583.9 306953 -0.318602 -0.147115 -0.884603 2.90096 0.0061829
2410 0.120275 -7.05272 0.337619 2611.93 -18336.2 -92782.5 -30404.8 -15499.1 -8464.12 -802.67 1.83556e+06 1.63045e+06 1.30574e+06 349083 -96881.1 300291 -0.182865 -0.25166 -0.0696785 2.89919 0.00638131
2420 0.120775 -7.05167 0.328098 2538.28 -22813.7 -88754.1 -18150.1 -18614.6 -12140.2 -67.7657 1.82859e+06 1.62575e+06 1.30916e+06 350209 -94062.5 291975 -0.160885 -0.247737 0.162788 2.89845 0.00658224
2430 0.121275 -7.05199 0.333472 2579.85 -19109.5 -87277.1 -7438.58 -13051.2 -14502.4 -1925.54 1.8193e+06 1.62376e+06 1.30351e+06 345862 -82249.8 280692 -0.119737 -0.214609 0.0728144 2.89595 0.00675877
2440 0.121775 -7.05284 0.331585 2565.25 -11348 -88650.3 -9958.5 -6194.43 -14014.7 -3391.4 1.80552e+06 1.61872e+06 1.30258e+06 338867 -65943.8 271836 -0.0762893 -0.179844 -0.568092 2.89183 0.0069227
2450 0.122275 -7.05233 0.330824 2559.37 -11387.8 -88161.1 -12135 -10264.6 -10191.9 -306.982 1.78951e+06 1.6133e+06 1.31433e+06 337709 -62607.4 264117 -0.0687647 -0.126087 -0.646909 2.89007 0.0071087
2460 0.122775 -7.05051 0.331286 2562.94 -11952.6 -95342.1 -36723.7 -9292.75 3324.04 -1813.31 1.77424e+06 1.62165e+06 1.35297e+06 333048 -75913.6 260882 -0.175302 -0.418925 0.424972 2.88874 0.0073149
2470 0.123275 -7.04761 0.333882 2583.02 -12361.7 -93797.9 -28264.3 -8866.11 49.3167 -2644.51 1.75791e+06 1.6153e+06 1.35026e+06 330928 -66777.9 253241 -0.178973 -0.353902 0.0540374 2.88565 0.00748556
2480 0.123775 -7.04639 0.33232 2570.94 -10109.4 -80125.4 -13068.2 -14524 -8099.63 -1078.45 1.73537e+06 1.59135e+06 1.33857e+06 331556 -47643 243483 -0.462525 -0.0454708 -0.727164 2.88565 0.00763709
2490 0.124275 -7.04615 0.337923 2614.29 -13444.9 -83795.6 -20797 -14462.9 -6599.21 1069.25 1.72292e+06 1.59799e+06 1.36205e+06 326426 -45728.5 236764 0.421516 -0.123115 -0.39519 2.88521 0.00782171
2500 0.124775 -7.04648 0.339208 2624.23 -19670 -95604.4 -46259.9 -9286.93 8512.98 -5767.39 1.71304e+06 1.61776e+06 1.40909e+06 317435 -60664.2 237700 0.608589 -0.242021 0.767087 2.88433 0.00801785
2510 0.125275 -7.05088 0.347925 2691.67 -21221.8 -86231.4 -16561.6 -9899.2 -10047.7 2190.09 1.69863e+06 1.60086e+06 1.38426e+06 313670 -25659.5 223224 1.546 -0.0215024 -0.659939 2.87785 0.00819313
2520 0.125775 -7.05424 0.353046 2731.28 -20210.3 -93387.8 -16748.9 -7875.22 -4816.33 2959.8 1.68598e+06 1.61038e+06 1.3971e+06 311453 -21306.5 217861 1.01194 -0.0571845 -0.605621 2.8755 0.00839287
2530 0.126275 -7.05696 0.355265 2748.45 -27667.7 -98806.3 -43087.3 -2087.35 9651.59 -11726.4 1.68413e+06 1.62732e+06 1.44265e+06 308588 -33852.1 230931 -0.314752 -0.29229 0.685799 2.87579 0.00860926
2540 0.126775 -7.05886 0.35862 2774.41 -20684.2 -89662.7 -15849.8 -10081 -3894.1 3177.86 1.66116e+06 1.61149e+06 1.42116e+06 308748 -5512.71 208854 0.229738 -0.0845515 -0.595418 2.87535 0.00878729
2550 0.127275 -7.05966 0.360391 2788.11 -20025.4 -93998.2 -13293.3 -10053.5 2291.97 442.026 1.66626e+06 1.63677e+06 1.46766e+06 306706 -1607.22 212558 -0.176408 -0.0790111 -0.156879 2.87358 0.00898629
2560 0.127775 -7.05914 0.356744 2759.89 -24490.7 -89063.9 -9586.3 -7500.59 3413.78 -11355.8 1.68551e+06 1.65705e+06 1.55474e+06 297386 6233.84 233923 -0.0249443 -0.140907 0.471632 2.87388 0.00918352
2570 0.128275 -7.05764 0.364164 2817.3 -11803.4 -88309.7 -15567.5 -9381.25 -7413.69 2801 1.67629e+06 1.64837e+06 1.62368e+06 281451 36080.3 229779 -0.216154 -0.153343 -1.1175 2.87594 0.00935237
2580 0.128775 -7.05685 0.37103 2870.41 -27868.1 -93456.9 -39981.1 -6501.8 1567.7 -5351.01 1.70695e+06 1.67054e+06 1.71914e+06 274494 30778.6 242969 -0.45093 -0.372416 -0.508708 2.87638 0.0095724
2590 0.129275 -7.05516 0.376081 2909.49 -31814.6 -103682 -43044.8 -5926.89 5233.47 -7685.98 1.71973e+06 1.68614e+06 1.78151e+06 265284 30122.7 251153 -1.15945 -0.442919 -0.329321 2.87697 0.00981366
2600 0.129775 -7.05203 0.364512 2819.99 -23878.8 -99149.1 -30391.5 -7579.52 7391.11 -2221.57 1.71433e+06 1.66551e+06 1.81408e+06 249934 39902.2 254937 -2.43701 -0.470633 -0.340399 2.8727 0.0100632
2610 0.130275 -7.04894 0.35364 2735.88 -26759.3 -100911 -34713.2 -8542.67 8654.39 -4599.09 1.72345e+06 1.66126e+06 1.86996e+06 234856 51449.9 260767 -3.423 -0.457632 0.0768233 2.86946 0.0103247
2620 0.130775 -7.0486 0.351106 2716.27 -8928.32 -107034 -29080.4 -6414.62 11860.6 10967.7 1.71565e+06 1.65148e+06 1.91109e+06 212605 69761.7 251292 -3.5966 -0.376278 -0.25088 2.86637 0.0106174
2630 0.131275 -7.05134 0.358079 2770.22 -45074.3 -93536.9 -49230.7 -13046.3 2708.92 -17121.7 1.77253e+06 1.68358e+06 1.97675e+06 231711 69958.8 269621 -2.03583 -0.158921 0.590657 2.86034 0.0109659
2640 0.131775 -7.05221 0.364475 2819.7 -330.891 -93827.4 -24622.5 -6767.51 6951.09 17370 1.73095e+06 1.63535e+06 1.96945e+06 195930 95314.5 250667 -1.69716 -0.333416 -0.536946 2.8596 0.0113067
2650 0.132275 -7.05252 0.367876 2846.01 -20631.3 -91406.5 -33927.3 -8269.31 2793.54 -796.027 1.75884e+06 1.65668e+06 1.99646e+06 206327 93600.1 264539 -0.862873 -0.147537 -0.019743 2.85887 0.0116871
2660 0.132775 -7.05407 0.370878 2869.23 -39865 -103009 -42252.6 -15181.8 -833.772 -10781.6 1.78055e+06 1.68187e+06 2.0052e+06 214618 91587.9 272541 -0.115579 0.0630892 0.321464 2.85843 0.0120768
2670 0.133275 -7.05247 0.362795 2806.7 6648.08 -103787 -31431.5 4812.09 11601.9 16966.1 1.72282e+06 1.63545e+06 1.9682e+06 170543 104926 260989 -0.62591 -0.664847 -0.229506 2.86269 0.0124453
2680 0.133775 -7.05178 0.362937 2807.8 -29393.3 -107228 -44118.5 -9321.44 2456.89 -5800.3 1.75948e+06 1.6743e+06 1.96123e+06 202486 95547.4 276116 0.0960613 0.00520026 0.25086 2.86608 0.0128347
2690 0.134275 -7.05405 0.366725 2837.1 -30342.1 -110684 -38399.5 -13909.7 -1153.36 -6017.48 1.75605e+06 1.67724e+06 1.92892e+06 209232 95070.3 281709 0.181869 0.159145 0.11268 2.86519 0.013212
2700 0.134775 -7.05512 0.355554 2750.69 4513.94 -84277.5 -28209.7 6696.47 5527.24 10264.1 1.71172e+06 1.61312e+06 1.87902e+06 179138 100544 280886 -0.516073 -0.797986 -0.437804 2.86608 0.0135734
2710 0.135275 -7.05452 0.354613 2743.4 -23596 -99091.4 -35235.5 -9340.29 -2728.86 -3764.08 1.72821e+06 1.65906e+06 1.85578e+06 210426 87325.5 292786 -0.0174154 0.111034 -0.227941 2.86873 0.0139553
2720 0.135775 -7.05356 0.349326 2702.5 -23661 -104708 -33112 -13420 -4342.89 -2794.64 1.71452e+06 1.66948e+06 1.81845e+06 218669 82596.7 299746 0.0581499 0.245242 -0.282631 2.86946 0.0143233
2730 0.136275 -7.05336 0.337939 2614.41 -2532.71 -87916.1 -28467.7 8454.37 6341.78 2927.84 1.67494e+06 1.63978e+06 1.77468e+06 191673 81093.2 308560 -0.826725 -0.902772 -0.394868 2.87211 0.0146684
2740 0.136775 -7.05559 0.341882 2644.91 -10646.7 -97934.5 -30643.2 3093.69 5058.12 -967.503 1.67093e+06 1.67055e+06 1.74913e+06 204680 71020.8 319477 -0.768679 -0.621026 -0.170743 2.87035 0.0150078
2750 0.137275 -7.05672 0.340309 2632.74 -25500.7 -123671 -33832.3 -16900.3 -2956.16 -4089.64 1.6781e+06 1.72965e+06 1.73068e+06 237794 61646 328488 -0.366428 0.819074 0.0939975 2.86829 0.0153286
2760 0.137775 -7.05734 0.33475 2589.73 -7609.28 -88265.8 -31797.8 4970.28 2206.2 4921.93 1.63812e+06 1.6671e+06 1.69349e+06 203403 68636.1 338901 -0.406533 -0.863022 -0.0649132 2.86652 0.0156196
2770 0.138275 -7.0559 0.326351 2524.76 -12950.4 -87323.4 -31368.3 -4092.04 -3987.9 5767.24 1.62627e+06 1.67211e+06 1.67119e+06 212847 68923.1 349996 -0.174101 -0.294282 -0.131059 2.86667 0.0159035
2780 0.138775 -7.05322 0.32335 2501.54 -15182.8 -91321.3 -32483.2 -6762.24 -4908.47 6412.46 1.62862e+06 1.6835e+06 1.69323e+06 212140 66046.8 362462 0.0340183 -0.101655 -0.144393 2.86681 0.0161798
2790 0.139275 -7.05013 0.322457 2494.64 -15807.9 -92762.7 -34241.9 -6039.62 -4263.5 7353.69 1.63547e+06 1.6938e+06 1.72975e+06 206147 61291.9 376236 0.299166 -0.130942 -0.173363 2.8674 0.0164418
2800 0.139775 -7.04622 0.313314 2423.91 -16049.3 -100567 -36658.2 -1898.54 -623.731 7081.67 1.64384e+06 1.71364e+06 1.77362e+06 195702 53179.9 391099 0.810059 -0.267355 -0.176357 2.86652 0.0166848
2810 0.140275 -7.03995 0.300621 2325.71 -13800.1 -93480.5 -37778.4 891.475 -1735.2 8461.64 1.6516e+06 1.72156e+06 1.81416e+06 189423 48505.7 404216 1.49829 -0.343377 -0.327904 2.86519 0.0168986
2820 0.140775 -7.03339 0.29152 2255.3 -14162.5 -87805.6 -39123.9 1020.4 -3083.87 9156.98 1.65903e+06 1.72908e+06 1.85067e+06 186854 43670.9 417744 2.09597 -0.414292 -0.487454 2.86505 0.0170793
2830 0.141275 -7.0323 0.287633 2225.23 -15120.9 -76205.1 -37775.4 -2037.78 -7245.72 10193.5 1.66757e+06 1.73193e+06 1.88115e+06 188983 40662.9 431066 1.83773 -0.39702 -0.668837 2.8649 0.0172276
2840 0.141775 -7.03775 0.294928 2281.66 -16987.3 -77113.5 -38842.3 -2732.36 -6020.57 9398.35 1.67902e+06 1.74913e+06 1.91403e+06 189211 32532.9 445500 1.04855 -0.400858 -0.611682 2.86343 0.0173536
2850 0.142275 -7.04431 0.307243 2376.94 -19600.6 -77820.9 -41303.8 -5712.16 -5073.43 8977.69 1.68811e+06 1.76518e+06 1.94607e+06 192751 26264.9 460927 0.569561 -0.400248 -0.462147 2.86696 0.0174648
2860 0.142775 -7.04877 0.311238 2407.84 -20628.5 -91324.2 -45365.3 -2712.23 -342.996 6306.26 1.69397e+06 1.7981e+06 1.97942e+06 194442 18403.3 478972 0.238116 -0.444664 -0.232807 2.86446 0.017569
2870 0.143275 -7.05103 0.311706 2411.46 -20773.4 -93126.8 -44621.5 -3044.2 -1228.79 6083.62 1.6977e+06 1.81825e+06 2.00459e+06 198848 17039.3 496278 0.0289121 -0.385064 -0.152562 2.86299 0.0176627
2880 0.143775 -7.05116 0.313805 2427.7 -21101.8 -88807.2 -41388.9 -4828.9 -1395.88 5860.22 1.69792e+06 1.82864e+06 2.02366e+06 205217 16152.4 515826 -0.0971185 -0.33661 -0.161642 2.86137 0.0177467
2890 0.144275 -7.05009 0.311602 2410.65 -19727.4 -72372.4 -37170.8 -8562.4 -3679.1 6314.27 1.69785e+06 1.82782e+06 2.04039e+06 215435 17881.9 536237 -0.196439 -0.25277 -0.272451 2.86078 0.0178301
2900 0.144775 -7.04796 0.310121 2399.2 -20012.8 -71062 -37345.6 -9373.09 -2425.47 5492.66 1.69271e+06 1.83495e+06 2.06019e+06 219467 20222 559386 -0.240442 -0.266949 -0.233345 2.86049 0.0179252
2910 0.145275 -7.04552 0.310266 2400.32 -20279.3 -76392.1 -39200.1 -9212.85 696.677 3610.37 1.68154e+06 1.84263e+06 2.07969e+06 220792 21942.6 583975 -0.230195 -0.280794 -0.137459 2.85813 0.01803
2920 0.145775 -7.04296 0.303742 2349.85 -16104.9 -83751.3 -39078.5 -9755.01 6181.89 123.969 1.66289e+06 1.84476e+06 2.09993e+06 217727 23902.8 612327 -0.134837 -0.31164 -0.0457928 2.85636 0.0181334
2930 0.146275 -7.04033 0.298996 2313.13 -12664.6 -84287.4 -37254.3 -11360.9 7281.16 -938.072 1.64497e+06 1.84e+06 2.12542e+06 215781 30969.4 638322 -0.138984 -0.288778 -0.048328 2.85784 0.0182231
2940 0.146775 -7.03955 0.299568 2317.56 -14395.1 -75304.4 -37770.6 -12805.5 1653.85 2394.14 1.63319e+06 1.82841e+06 2.15614e+06 216383 43415.9 660070 0.0382432 -0.161249 -0.249432 2.85975 0.0182976
2950 0.147275 -7.04001 0.295294 2284.5 -20875.6 -76195.4 -43822.5 -9413.26 -4020.63 7479.14 1.61655e+06 1.83257e+06 2.21176e+06 214888 52095.6 674027 -0.399399 0.00776063 -0.471675 2.8596 0.0183767
2960 0.147775 -7.04083 0.29875 2311.23 -20030.1 -78034.4 -39510.2 -9402.7 -1899.15 5607.52 1.58571e+06 1.83037e+06 2.23939e+06 215874 56155.6 695222 -0.131504 -0.120667 -0.31763 2.86019 0.018488
2970 0.148275 -7.04215 0.301246 2330.54 -19916.5 -90824.2 -40685.8 -6910.51 5170.56 3520.66 1.54385e+06 1.83827e+06 2.27143e+06 213426 60430.5 712511 -0.0576568 -0.255922 -0.134137 2.85916 0.0186134
2980 0.148775 -7.04334 0.299597 2317.78 -19116.8 -89516 -41331.7 -7695.5 8204.88 2659.98 1.50741e+06 1.83883e+06 2.32264e+06 217200 64804.2 718683 -0.0595365 -0.252506 -0.106821 2.85798 0.018732
2990 0.149275 -7.04392 0.301665 2333.78 -18603.8 -87655.8 -42158.6 -7852.65 8000.12 2568.46 1.46248e+06 1.83833e+06 2.37251e+06 218880 70575.2 718099 -0.0630596 -0.213766 -0.119916 2.85901 0.0188407
3000 0.149775 -7.04384 0.299497 2317.01 -17485.7 -75654.4 -40027.8 -10110.6 2071.51 3754.83 1.42042e+06 1.82705e+06 2.42295e+06 221873 79619.9 706821 -0.176408 -0.0825411 -0.259971 2.86181 0.0189456
